2.0000 5.0000
1.0000 0.5000
2.5000 1.5000
4.0000 4.0000
1.95947 0.623829
0.583567 0.165081
0.10555 0.735964
1.4516 0.89546
1.67279 -0.461933
2.15466 -0.453847
0.678568 -1.56392
0.924506 -0.692007
0.738005 0.283651
0.425119 0.0963023
2.60719 -0.323988
1.08176 -0.171797
1.58433 -0.34152
0.996869 0.0609463
1.64819 -0.00517005
0.682041 -1.34049
3.32558 2.85896
2.40614 0.89439
1.33199 1.31734
1.47069 -0.90721
3.63284 4.27808
1.98454 2.48206
1.07517 2.19636
0.706298 -2.46698
1.09632 1.98982
2.66175 -2.01429
0.668837 -1.53531
1.01377 0.967082
1.64811 -1.50052
1.03999 -0.377669
1.0993 0.159609
1.09273 -0.732979
1.21697 -0.125856
0.192923 1.22285
1.49081 1.48751
0.845123 1.06513
1.52378 -1.45309
1.60473 -1.78383
1.02939 -0.242537
1.34287 0.0406819
1.46792 0.0315936
1.00926 -0.796669
1.16939 0.330987
10.4699 1.99183
1.0218 -1.68721
1.55858 2.10092
0.960681 -0.32186
1.79783 0.404528
1.4643 0.82836
4.67137 1.16014
0.692313 1.41148
0.969562 0.689435
3.68409 1.22364
1.36151 -0.46342
0.598654 2.27715
0.625596 2.43611
0.513114 2.22796
0.883901 1.97095
0.374002 2.35983
2.23608 2.47568
1.1933 2.41059
0.711984 -1.81575
1.21111 2.49984
1.88606 1.97378
0.78538 -0.861437
0.996269 -0.536648
1.83485 -1.45707
1.40181 -1.00327
2.90538 -0.634779
1.41164 0.284302
2.12553 1.84102
1.14041 0.539773
1.98288 0.386587
4.84341 1.00744
2.24681 0.974666
1.84221 1.17847
2.10748 -0.646356
2.13082 0.497492
1.00581 0.342134
1.19366 -0.0154478
1.14443 0.455687
1.17124 0.466424
0.982672 1.19466
0.723472 1.58459
0.869396 1.43657
1.15725 1.47263
2.64219 1.67061
6.75431 1.51067
1.60528 -1.38815
0.719804 0.480427
0.596044 0.50296
1.44863 1.10505
1.5934 0.294362
0.837206 -1.04711
0.807616 0.572436
104.315 1.35305
1.04416 2.17367
1.17149 2.33139
1.61265 2.38602
2.46717 2.00683
5.6266 0.529198
2.22389 0.676521
1.86041 1.53926
1.55558 1.71691
0.762301 0.474286
0.745558 1.13568
1.01348 1.91461
1.17881 0.697105
0.730569 0.890516
2.28382 -1.97477
0.888743 0.820608
0.457482 -0.996594
0.803168 0.992804
1.50286 0.950324
1.08971 -0.852626
1.23296 1.64088
1.16712 1.86612
1.2537 1.90493
0.885092 1.5983
2.18126 0.934354
1.09291 0.733813
116.234 0.65459
2.65898 0.77618
0.523032 -2.19416
0.510262 -2.11847
0.866369 -2.22504
1.08824 -2.14694
2.1928 -2.38842
6.7143 2.3963
1.07413 2.3621
0.82574 2.25107
1.22703 2.0481
1.19629 1.90238
17.9759 -1.91127
5.93772 2.12804
2.00723 2.10408
1.16586 -2.1174
1.15322 -1.452
1.11353 -1.02808
1.92513 -1.16037
0.930094 -0.650668
1.27393 -0.710611
1.44129 -0.85213
1.52374 -1.95022
0.85834 -1.83069
0.829859 -1.78093
3.31356 -1.79384
1.23479 -1.83451
2.29335 -0.67652
0.933068 1.72532
1.27206 1.36818
0.99017 0.0887632
0.843943 0.27709
2.34545 -1.35993
0.558118 -2.12055
1.00257 0.653321
1.35165 -1.14226
1.18805 1.69029
1.81225 -1.48755
1.05835 -0.542566
0.810472 -1.81306
7.92668 -0.696004
1.13348 -2.19973
0.680448 -0.97248
1.45618 0.135076
1.21223 0.0389733
1.7132 1.01615
9.40317 -1.82088
5.70962 -1.84789
7.45602 -1.9701
1.39687 1.39892
3.49442 -1.84799
4.03776 -1.85673
1.83249 -1.67129
1.57696 1.23662
0.969725 1.24692
10.4216 -1.57723
38.4382 -1.88266
13.3066 -1.77386
3.44647 -1.85024
57.8402 -1.91656
10.3684 -1.85925
56.4535 -1.96743
0.767174 -1.96625
33.4387 -1.92694
2.89226 -1.95267
10.4334 -2.01339
78.4 -1.98458
9.96503 -1.86999
30.3655 -1.72044
0.806683 -2.41897
0.808947 -2.3221
1.42501 1.61605
1.91895 1.9185
1.03279 1.9952
0.934526 1.83943
19.9106 -2.14491
13.2385 -1.80567
0.720229 -2.15048
13.6195 -1.88394
10.7373 -1.71412
7.79928 -1.97457
25.3809 -1.49877
7.79239 -1.86741
4.51732 -1.71419
1.20592 2.23835
3.75108 -2.11644
2.21794 0.917408
1.7835 0.643831
1.56612 1.36293
1.39168 0.418511
1.72725 0.552267
0.889436 0.948537
1.30344 -0.0551014
1.1731 1.06757
2.61349 1.10302
0.835715 1.01779
1.99599 -1.30466
1.08332 -1.60283
0.808175 0.850397
1.36449 0.937672
1.28723 -0.633503
0.595816 -0.551277
2.10262 -0.857099
0.615719 -1.7522
0.934505 -0.225128
1.20058 -0.178904
0.735892 1.42087
6.04591 -1.40665
1.17028 -0.752095
1.80797 0.442202
0.98 0.569255
2.40971 -1.45846
1.41316 -0.904405
0.89134 0.216009
1.37437 0.624389
1.1107 0.167065
0.606664 0.736971
1.58038 0.896709
1.19923 -0.46187
0.565897 -1.57818
1.29858 -0.454394
0.922097 -1.56423
0.82309 -0.692236
0.953679 0.283973
0.921059 0.0968834
0.979498 -0.323818
1.40587 -0.172086
0.566454 -0.341639
1.16038 0.060878
1.54249 -0.00497622
1.95024 -1.34027
0.900172 -0.339076
1.15974 -0.371045
2.15059 1.66844
1.10689 -2.057
1.17498 -1.935
0.864482 -1.98266
1.97259 -2.23562
0.763339 2.1919
0.756459 2.19693
1.82878 2.4612
0.9896 -1.88095
2.28242 -0.628738
0.849452 -0.340693
0.249447 -0.493444
1.42574 -1.5012
1.24181 -0.391202
2.17791 -1.03221
1.18981 -0.576132
1.9308 -1.32296
0.918806 -0.608724
1.16424 1.80257
1.64527 -0.726833
0.906659 0.700103
1.94387 1.36082
0.993695 1.48462
1.48943 1.16711
0.535239 1.20528
0.557617 -0.743372
4.9617 1.26463
0.721132 -2.09696
0.972291 -1.83592
0.753173 -1.84447
1.05191 -2.31393
0.886705 -2.44138
1.17976 -0.492691
1.45962 -1.21123
2.8051 -1.04359
1.00021 -0.675635
1.13884 -0.340043
2.04406 -0.303189
0.70326 -0.201653
0.885901 1.048
0.957517 1.71765
0.925684 0.503872
0.468242 1.15031
0.622338 -0.650234
1.37818 -0.707805
2.27124 -1.20186
0.697068 -0.648184
1.56193 -1.26192
0.837902 -0.484806
2.45743 -1.798
0.998675 -2.08593
1.62007 -0.218441
1.71167 1.45121
1.31695 -1.15627
1.29051 -2.54766
0.879074 2.04803
7.53537 2.05936
1.31639 -0.933083
4.82092 1.17988
1.16329 -0.0363538
1.1911 -1.91584
0.608395 1.06064
2.05435 -1.53926
0.942128 -0.223328
1.03868 0.581906
1.81888 1.38901
1.45003 -1.71681
1.19698 1.07462
2.65716 -1.35363
0.7574 0.71092
1.80349 -1.29644
1.10759 1.84756
0.875074 1.55258
2.58441 -1.39649
0.999254 -1.70642
2.44922 -1.35168
0.644162 1.96948
1.78014 -1.20989
1.36113 -1.1662
1.81894 -1.56614
1.58561 -1.38334
1.03303 1.63687
3.63392 -2.19643
0.548491 2.43266
0.78657 2.42305
1.52567 1.1881
1.86271 1.70199
0.765983 0.499903
1.07932 0.288122
0.973985 1.02133
2.79254 1.69608
1.0974 1.57254
1.40121 0.838926
3.64461 -1.02828
2.2197 0.037849
1.17887 -0.636252
2.51943 -1.03406
2.1845 -1.43683
0.732814 -2.11854
0.889246 -0.78291
0.72804 -0.287323
0.511855 -0.422115
1.22603 -0.0697518
0.945522 -0.0504508
0.918969 0.524193
0.899811 -0.298202
1.29641 -0.0568496
1.4002 0.623451
0.976362 0.776484
1.29254 0.411461
1.11076 1.12351
0.630138 -0.809417
1.22468 1.47904
2.55656 0.953858
1.18196 -0.982221
1.37592 -1.91653
0.725479 -1.12186
1.83473 -0.362337
0.930557 -0.525517
0.996173 1.27803
0.819166 -2.25916
1.19776 -1.67968
0.826495 -0.543521
0.861447 -0.575074
0.996159 -0.170356
0.293887 -0.639389
0.837564 -2.5135
0.693435 -2.25369
0.921155 -2.38968
7.71602 -2.54409
1.47989 -2.46067
0.864912 1.83998
2.31277 1.92474
1.89911 1.94048
0.903844 2.02448
1.05677 1.93653
1.24798 1.71557
0.825895 1.81337
0.759807 1.93187
1.21017 1.95311
1.29213 1.76183
0.624131 2.08475
0.568961 2.44553
0.472567 2.32935
1.09837 0.630417
1.16309 0.546327
0.993613 0.374164
1.23161 -0.157569
1.16276 0.659451
1.54165 0.657954
1.24489 -0.00724577
1.20846 -0.409314
0.875028 0.16636
0.75165 0.898851
1.37707 0.285338
0.751149 0.393806
0.915327 -1.46926
1.00445 -2.07679
0.493844 -2.05253
0.707967 2.36852
0.674031 2.43985
1.29738 -1.82511
0.766298 1.59123
1.42339 1.10291
1.85665 1.71004
1.37571 -0.0902299
1.07536 -1.66237
5.07379 -0.225982
0.920253 -1.54861
0.838024 1.24649
1.07309 1.76206
1.99631 -0.102164
1.56565 0.692856
1.07457 -0.111641
1.2961 0.847145
0.762467 -0.760293
3.14558 -1.40258
1.77079 1.30981
0.754706 -0.248201
1.064 0.231719
1.33283 2.17713
1.37799 -1.46262
1.78189 1.12091
0.752899 0.766255
1.82913 0.477179
0.935376 0.802484
1.24005 -2.08012
0.958188 -1.83616
0.481374 2.45696
1.36495 2.52829
2.21953 -1.87992
1.67135 -2.37617
1.32525 -0.169461
1.19634 0.6702
1.24759 0.514038
0.695649 0.493701
0.961462 -0.22717
1.82348 0.599021
1.24627 -0.900448
1.61179 -0.833124
5.08595 0.502978
1.59831 1.91748
1.25839 -0.541729
0.75386 -1.27322
0.403772 -0.161395
1.85247 -0.578529
3.878 0.320067
1.96048 -0.00749957
0.729182 -1.10229
0.929082 0.694349
1.04147 -1.09268
1.0768 0.19006
0.854371 0.293059
1.2412 0.479438
1.87799 1.55124
1.01856 1.3433
5.56145 -2.11091
1.03787 1.0012
1.93723 -1.60703
1.27559 0.546038
1.10807 -1.17691
1.50477 0.593874
1.00709 0.602724
0.874002 0.925388
1.23532 -2.42119
18.4978 -2.48997
2.06382 -2.3035
1.28197 2.05473
0.989046 2.39735
2.63448 -1.88182
0.653934 2.23047
1.22104 -0.149801
1.08227 -0.311129
0.833877 -0.9191
1.07853 -0.616795
0.833639 -0.427636
1.76446 -0.531334
0.61637 -0.638845
21.7019 -0.589217
