1.98454 2.48206
1.07517 2.19636
0.706298 -2.46698
1.09632 1.98982
2.66175 -2.01429
0.668837 -1.53531
1.01377 0.967082
1.64811 -1.50052
1.03999 -0.377669
1.0993 0.159609
1.09273 -0.732979
1.21697 -0.125856
0.192923 1.22285
1.49081 1.48751
0.845123 1.06513
1.52378 -1.45309
1.60473 -1.78383
1.02939 -0.242537
1.34287 0.0406819
1.46792 0.0315936
1.00926 -0.796669
1.16939 0.330987
10.4699 1.99183
1.0218 -1.68721
1.55858 2.10092
0.960681 -0.32186
1.79783 0.404528
1.4643 0.82836
4.67137 1.16014
0.692313 1.41148
0.969562 0.689435
3.68409 1.22364
1.36151 -0.46342
0.598654 2.27715
0.625596 2.43611
0.513114 2.22796
0.883901 1.97095
0.374002 2.35983
2.23608 2.47568
1.1933 2.41059
0.711984 -1.81575
1.21111 2.49984
1.88606 1.97378
0.78538 -0.861437
0.996269 -0.536648
1.83485 -1.45707
1.40181 -1.00327
2.90538 -0.634779
1.41164 0.284302
2.12553 1.84102
1.14041 0.539773
1.98288 0.386587
4.84341 1.00744
2.24681 0.974666
1.84221 1.17847
2.10748 -0.646356
2.13082 0.497492
1.00581 0.342134
1.19366 -0.0154478
1.14443 0.455687
1.17124 0.466424
0.982672 1.19466
0.723472 1.58459
0.869396 1.43657
1.15725 1.47263
2.64219 1.67061
6.75431 1.51067
1.60528 -1.38815
0.719804 0.480427
0.596044 0.50296
1.44863 1.10505
1.5934 0.294362
0.837206 -1.04711
0.807616 0.572436
104.315 1.35305
1.04416 2.17367
1.17149 2.33139
1.61265 2.38602
2.46717 2.00683
5.6266 0.529198
2.22389 0.676521
1.86041 1.53926
1.55558 1.71691
0.762301 0.474286
0.745558 1.13568
1.01348 1.91461
1.17881 0.697105
0.730569 0.890516
2.28382 -1.97477
0.888743 0.820608
0.457482 -0.996594
0.803168 0.992804
1.50286 0.950324
1.08971 -0.852626
1.23296 1.64088
1.16712 1.86612
1.2537 1.90493
0.885092 1.5983
2.18126 0.934354
1.09291 0.733813
116.234 0.65459
2.65898 0.77618
0.523032 -2.19416
0.510262 -2.11847
0.866369 -2.22504
1.08824 -2.14694
2.1928 -2.38842
6.7143 2.3963
1.07413 2.3621
0.82574 2.25107
1.22703 2.0481
1.19629 1.90238
17.9759 -1.91127
5.93772 2.12804
2.00723 2.10408
1.16586 -2.1174
1.15322 -1.452
1.11353 -1.02808
1.92513 -1.16037
0.930094 -0.650668
1.27393 -0.710611
1.44129 -0.85213
1.52374 -1.95022
0.85834 -1.83069
0.829859 -1.78093
3.31356 -1.79384
1.23479 -1.83451
61.8042 -1.85102
54.7023 -1.6779
2.29335 -0.67652
0.933068 1.72532
1.27206 1.36818
0.99017 0.0887632
0.843943 0.27709
2.34545 -1.35993
0.558118 -2.12055
1.00257 0.653321
1.35165 -1.14226
1.18805 1.69029
1.81225 -1.48755
1.05835 -0.542566
0.810472 -1.81306
7.92668 -0.696004
1.13348 -2.19973
0.680448 -0.97248
1.45618 0.135076
1.21223 0.0389733
1.7132 1.01615
42.7746 -1.22674
61.1183 -1.81665
48.9379 -1.8378
9.40317 -1.82088
5.70962 -1.84789
7.45602 -1.9701
1.39687 1.39892
3.49442 -1.84799
4.03776 -1.85673
1.83249 -1.67129
1.57696 1.23662
0.969725 1.24692
10.4216 -1.57723
38.4382 -1.88266
13.3066 -1.77386
3.44647 -1.85024
57.8402 -1.91656
10.3684 -1.85925
56.4535 -1.96743
0.767174 -1.96625
33.4387 -1.92694
2.89226 -1.95267
10.4334 -2.01339
78.4 -1.98458
9.96503 -1.86999
30.3655 -1.72044
0.806683 -2.41897
0.808947 -2.3221
1.42501 1.61605
1.91895 1.9185
1.03279 1.9952
0.934526 1.83943
19.9106 -2.14491
13.2385 -1.80567
56.5545 -1.84659
0.720229 -2.15048
13.6195 -1.88394
10.7373 -1.71412
7.79928 -1.97457
25.3809 -1.49877
7.79239 -1.86741
4.51732 -1.71419
1.20592 2.23835
3.75108 -2.11644
2.21794 0.917408
1.7835 0.643831
1.56612 1.36293
1.39168 0.418511
1.72725 0.552267
0.889436 0.948537
1.30344 -0.0551014
1.1731 1.06757
2.61349 1.10302
0.835715 1.01779
1.99599 -1.30466
1.08332 -1.60283
0.808175 0.850397
1.36449 0.937672
1.28723 -0.633503
0.595816 -0.551277
2.10262 -0.857099
0.615719 -1.7522
0.934505 -0.225128
1.20058 -0.178904
0.735892 1.42087
6.04591 -1.40665
1.17028 -0.752095
1.80797 0.442202
0.98 0.569255
2.40971 -1.45846
1.41316 -0.904405
0.89134 0.216009
1.37437 0.624389
1.1107 0.167065
0.606664 0.736971
1.58038 0.896709
1.19923 -0.46187
0.565897 -1.57818
1.29858 -0.454394
0.922097 -1.56423
0.82309 -0.692236
0.953679 0.283973
0.921059 0.0968834
0.979498 -0.323818
1.40587 -0.172086
0.566454 -0.341639
1.16038 0.060878
1.54249 -0.00497622
1.95024 -1.34027
0.900172 -0.339076
1.15974 -0.371045
2.15059 1.66844
1.10689 -2.057
1.17498 -1.935
0.864482 -1.98266
1.97259 -2.23562
0.763339 2.1919
0.756459 2.19693
1.82878 2.4612
0.9896 -1.88095
2.28242 -0.628738
0.849452 -0.340693
0.249447 -0.493444
1.42574 -1.5012
1.24181 -0.391202
2.17791 -1.03221
1.18981 -0.576132
1.9308 -1.32296
0.918806 -0.608724
1.16424 1.80257
1.64527 -0.726833
0.906659 0.700103
1.94387 1.36082
0.993695 1.48462
1.48943 1.16711
0.535239 1.20528
0.557617 -0.743372
4.9617 1.26463
0.721132 -2.09696
0.972291 -1.83592
0.753173 -1.84447
1.05191 -2.31393
0.886705 -2.44138
1.17976 -0.492691
1.45962 -1.21123
2.8051 -1.04359
1.00021 -0.675635
1.13884 -0.340043
2.04406 -0.303189
0.70326 -0.201653
0.885901 1.048
0.957517 1.71765
0.925684 0.503872
0.468242 1.15031
0.622338 -0.650234
1.37818 -0.707805
2.27124 -1.20186
0.697068 -0.648184
1.56193 -1.26192
0.837902 -0.484806
2.45743 -1.798
0.998675 -2.08593
1.62007 -0.218441
1.71167 1.45121
1.31695 -1.15627
1.29051 -2.54766
0.879074 2.04803
7.53537 2.05936
1.31639 -0.933083
4.82092 1.17988
1.16329 -0.0363538
1.1911 -1.91584
0.608395 1.06064
2.05435 -1.53926
0.942128 -0.223328
1.03868 0.581906
1.81888 1.38901
1.45003 -1.71681
1.19698 1.07462
2.65716 -1.35363
0.7574 0.71092
1.80349 -1.29644
1.10759 1.84756
0.875074 1.55258
2.58441 -1.39649
0.999254 -1.70642
2.44922 -1.35168
0.644162 1.96948
1.78014 -1.20989
1.36113 -1.1662
1.81894 -1.56614
1.58561 -1.38334
1.03303 1.63687
1367.36 1.21314
3.63392 -2.19643
0.548491 2.43266
0.78657 2.42305
1.52567 1.1881
1.86271 1.70199
0.765983 0.499903
1.07932 0.288122
0.973985 1.02133
2.79254 1.69608
1.0974 1.57254
1.40121 0.838926
3.64461 -1.02828
2.2197 0.037849
1.17887 -0.636252
2.51943 -1.03406
2.1845 -1.43683
0.732814 -2.11854
0.889246 -0.78291
0.72804 -0.287323
0.511855 -0.422115
1.22603 -0.0697518
0.945522 -0.0504508
0.918969 0.524193
0.899811 -0.298202
1.29641 -0.0568496
1.4002 0.623451
0.976362 0.776484
1.29254 0.411461
1.11076 1.12351
0.630138 -0.809417
1.22468 1.47904
2.55656 0.953858
1.18196 -0.982221
1.37592 -1.91653
0.725479 -1.12186
1.83473 -0.362337
0.930557 -0.525517
0.996173 1.27803
0.819166 -2.25916
1.19776 -1.67968
0.826495 -0.543521
0.861447 -0.575074
0.996159 -0.170356
0.293887 -0.639389
0.837564 -2.5135
0.693435 -2.25369
0.921155 -2.38968
7.71602 -2.54409
1.47989 -2.46067
0.864912 1.83998
2.31277 1.92474
1.89911 1.94048
0.903844 2.02448
1.05677 1.93653
1.24798 1.71557
0.825895 1.81337
0.759807 1.93187
1.21017 1.95311
1.29213 1.76183
0.624131 2.08475
0.568961 2.44553
0.472567 2.32935
1.09837 0.630417
1.16309 0.546327
0.993613 0.374164
1.23161 -0.157569
1.16276 0.659451
1.54165 0.657954
1.24489 -0.00724577
1.20846 -0.409314
0.875028 0.16636
0.75165 0.898851
1.37707 0.285338
0.751149 0.393806
0.915327 -1.46926
1.00445 -2.07679
0.493844 -2.05253
0.707967 2.36852
0.674031 2.43985
1.29738 -1.82511
0.766298 1.59123
1.42339 1.10291
1.85665 1.71004
1.37571 -0.0902299
1.07536 -1.66237
5.07379 -0.225982
0.920253 -1.54861
0.838024 1.24649
1.07309 1.76206
1.99631 -0.102164
1.56565 0.692856
1.07457 -0.111641
1.2961 0.847145
0.762467 -0.760293
3.14558 -1.40258
1.77079 1.30981
0.754706 -0.248201
1.064 0.231719
1.33283 2.17713
1.37799 -1.46262
1.78189 1.12091
0.752899 0.766255
1.82913 0.477179
0.935376 0.802484
1.24005 -2.08012
0.958188 -1.83616
0.481374 2.45696
1.36495 2.52829
2.21953 -1.87992
1.67135 -2.37617
1.32525 -0.169461
1.19634 0.6702
1.24759 0.514038
0.695649 0.493701
0.961462 -0.22717
1.82348 0.599021
1.24627 -0.900448
1.61179 -0.833124
5.08595 0.502978
1.59831 1.91748
1.25839 -0.541729
0.75386 -1.27322
0.403772 -0.161395
1.85247 -0.578529
3.878 0.320067
1.96048 -0.00749957
0.729182 -1.10229
0.929082 0.694349
1.04147 -1.09268
1.0768 0.19006
0.854371 0.293059
1.2412 0.479438
1.87799 1.55124
1.01856 1.3433
5.56145 -2.11091
1.03787 1.0012
1.93723 -1.60703
1.27559 0.546038
1.10807 -1.17691
1.50477 0.593874
1.00709 0.602724
0.874002 0.925388
1.23532 -2.42119
18.4978 -2.48997
2.06382 -2.3035
1.28197 2.05473
0.989046 2.39735
2.63448 -1.88182
0.653934 2.23047
1.22104 -0.149801
1.08227 -0.311129
0.833877 -0.9191
1.07853 -0.616795
0.833639 -0.427636
1.76446 -0.531334
0.61637 -0.638845
21.7019 -0.589217
1.22195 -2.12636
1.84707 -1.79812
1.34517 -1.87038
0.852414 -1.8943
1.23329 -2.31195
0.94875 -2.39465
1.26571 -2.36405
1.31199 -1.87438
1.78295 1.38405
0.50975 -1.79558
0.561806 0.583462
1.55157 0.202081
1.24112 -0.0672874
2.84172 0.242083
1.43834 0.122696
1.63882 0.473253
1.15813 0.362084
213.468 0.472884
0.857583 -0.182716
1.12183 1.23638
0.928902 -1.72791
1.35114 -0.807587
2.16424 0.819826
2.42273 -1.33536
1.09411 -2.0845
1.05368 -1.91354
0.851545 -0.367684
1.45646 0.431874
1.79629 -1.43396
1.49423 -0.722294
1.47494 0.240364
0.222323 0.0202153
0.854916 -0.142757
1.12486 0.258534
3.0026 -1.98136
0.959162 0.173307
0.816201 -2.09203
0.765806 -2.02245
215.298 0.463768
5.39827 0.193112
15.2476 -0.0839818
1.57199 0.341923
0.842162 -0.527035
1.7948 -1.20462
0.500199 -0.847795
2.52101 0.0585668
29.4647 0.295009
2.52215 -0.00396841
0.19498 -2.35726
0.823664 -2.21995
1.42098 -2.49699
1.14561 -2.26184
0.617911 2.13073
0.471388 2.04757
0.983904 2.10548
0.722787 2.27919
0.647242 2.18729
0.587534 2.14031
0.90946 1.59138
1.03213 -2.34652
1.25824 2.21206
1.17049 2.30345
0.921472 -2.00881
1.2306 0.500461
0.707975 0.861421
0.873169 0.33162
1.48714 -0.288528
4.63183 -0.289317
0.633403 -0.0964858
1.71214 -0.216653
0.623358 -0.323033
1.32899 0.116267
1.24649 -0.397004
0.80358 -0.0820944
1.04077 -0.141906
0.648247 1.04383
1.78497 -1.73532
0.691335 -1.55912
6.13517 -1.08709
1.57908 0.864077
1.28866 1.44808
1.46249 0.547295
0.596829 -0.261555
1.12937 -0.805475
1.65936 0.1486
1.49226 0.823298
0.877329 0.691953
98.7884 -1.44741
0.822047 -1.32187
0.479449 -1.28226
0.0478161 -0.217765
1.59721 1.68433
2.0386 1.44989
1.24005 1.36713
0.862011 1.29147
0.879066 0.8655
2.85163 1.67906
1.85528 0.211046
6.01643 0.0700453
580.3 -0.141081
198.889 -1.69581
90.1763 1.285
3.51159 -0.000648304
17.2493 -1.35601
0.706491 -1.41144
0.852402 -1.17776
4.31279 -2.26787
0.839028 -2.29607
0.867745 -1.91047
0.415235 2.3604
1.30413 2.38828
1.15608 2.17419
2.25683 -1.41398
0.791411 -0.634083
2.34826 -0.710476
1.55651 -0.597108
0.855733 -1.58627
1.49881 -1.31644
0.941168 -0.247887
1.18039 1.51253
1.21798 0.800896
1.08645 1.17369
0.114167 -2.01799
1.09525 -1.06946
1.40816 -0.954877
2.43174 -1.55834
2.00794 -1.37189
1.09556 -1.90387
1.63521 -1.63378
1.21649 -1.65868
1.39529 0.900077
1.6305 -1.88552
0.461971 -0.0963573
1.92094 -0.492802
0.860628 -2.2805
0.641463 -2.24769
0.968064 1.66967
1.45178 2.15817
0.938223 2.27515
9.04377 -2.35613
1.118 -1.82766
1.15084 -1.5639
1.32944 -0.22416
1.45746 1.23619
1.78678 0.978943
2.15744 -2.12562
0.562757 -2.20833
1.25505 1.25437
3.11602 -2.22222
1.72448 -2.15038
3.08337 -1.88298
1.69521 0.609847
1.13235 -1.77034
0.893952 -0.901592
1.46637 -1.574
0.602861 0.869425
0.980414 -0.386929
1.39965 -2.00343
1.13874 -1.74678
1.24382 1.20698
1.29518 -2.5588
1.57178 -2.56822
1.10907 1.80832
0.97465 1.64654
2.60752 -2.32712
1.39678 -2.36653
1.28046 2.27264
0.767397 2.41879
0.991074 -0.11994
0.927668 -0.355783
0.76435 -0.171751
0.523566 0.158934
2.07962 2.17381
2.08813 1.46696
1.36978 1.40114
1.74528 1.78385
1.6877 -0.850301
0.845935 2.10338
1.03697 2.17764
0.843149 -1.51465
0.694558 -1.9597
0.981365 2.22251
0.473504 1.87403
0.58343 2.48303
8.73831 2.50433
0.828367 -2.23752
1.25662 2.42417
1.0644 1.14782
1.11925 -0.826063
0.920704 1.70012
1.34007 -0.420125
1.5458 0.429537
0.983971 -0.933324
0.558923 -0.607448
1.38386 -0.678985
0.683169 -1.32535
1.3941 -0.694425
1.74729 1.22468
0.292232 -1.71328
0.363965 -2.42007
0.530603 -2.37736
1.06788 -2.26476
0.788512 2.08868
0.681583 2.49576
0.88983 -0.595995
0.991604 -0.629809
0.625583 -0.282952
0.939216 -0.606889
0.766473 -0.107355
1.00701 1.29367
0.70735 1.62363
3.76946 2.09
5.32318 1.43984
4.36472 1.42888
1.27429 0.361093
1.98149 1.2288
2.26127 -0.438017
0.121692 0.553686
0.380116 -0.0729515
3.61143 0.00435814
0.741317 -1.71145
0.782401 -1.76565
1.10891 -1.56275
1.79904 -1.46897
1.77088 1.50066
1.22203 1.12544
2.94271 0.839246
1.16889 1.30521
1.19647 1.68387
1.76939 -0.627495
0.887176 0.0740296
0.416673 -0.875936
2.96096 -0.630082
3.84301 -0.737036
1.41907 1.08654
4.30921 -0.414817
83.4421 -1.65434
0.544825 -2.37847
1.9894 -2.21992
0.45534 -2.13769
1.21469 -2.31701
1.38312 -2.39472
1.81449 -2.10911
0.688763 -1.97299
0.763127 -2.16801
0.575975 -2.17571
1.24855 -1.70663
0.529736 2.17648
2.55259 2.46805
0.971558 2.10916
1.46315 2.14042
1.60818 -2.3426
0.788511 -2.4399
1.10002 2.0861
0.78808 0.904802
0.95106 0.470862
1.73873 0.889078
0.67397 0.754672
1.07984 0.855327
1.9102 0.212038
0.985063 0.601011
0.875476 -2.08849
4.25187 -2.44139
0.843336 -1.86226
1.49406 -0.184873
0.717149 1.77215
1.49793 1.68925
0.784069 1.74387
0.965985 0.322531
0.952569 0.32093
1.46308 1.10972
1.7766 -1.2322
1.13499 -1.61632
4.05169 -1.64554
1.22729 -1.85117
1.47892 -1.80498
366.059 -1.58503
0.987922 -1.98962
207.168 1.68698
1.69777 1.9466
0.442112 -2.44773
1.44896 -0.416885
2.56953 -0.449797
0.639922 -0.50961
0.678437 -1.49951
0.898036 0.518255
0.763715 1.07129
1.36455 1.07176
1.08991 -2.13486
0.798834 0.940943
2.68987 -1.47374
1.59547 -0.905812
1.43924 -0.535464
1.1924 -0.00429064
1.16671 -0.846199
2.03118 1.34393
1.77028 -1.08826
0.899077 -1.25548
1.02447 -1.89616
1.16097 -1.85504
0.982845 -1.66263
1.99762 0.515288
0.674391 -1.14246
1.11677 0.177564
0.7422 1.72221
1.40209 -1.17547
1.81001 -0.00471991
2.35386 -0.968386
0.748751 -0.655383
1.03594 0.170827
1.89961 -0.395503
0.771917 -0.469112
1.51116 1.51242
1.58333 -1.28432
2.58127 -1.52027
1.58799 -1.49492
1.1849 -1.97835
0.960203 -0.385399
1.00188 1.60414
1.46818 1.54361
0.871866 1.89815
1.03586 -0.427256
1.49744 1.19374
1.483 1.25413
1.29982 1.69089
1.32248 -0.295933
1.09251 -0.567483
1.27975 0.482982
17.2279 -1.47401
1.46987 -2.10589
1.56757 -2.18927
0.751134 -2.3433
1.14942 2.09568
1.01425 1.69536
0.607662 -2.40237
1.31941 1.58199
0.756173 -1.58275
0.703091 0.623271
0.611547 -1.60979
1.59346 1.84281
2.82918 -1.02197
2.53355 2.16371
0.962188 -0.137336
1.05434 -1.72002
2.38511 -1.51481
0.549698 -1.53951
2.37956 -1.3768
1.51234 1.62094
0.860407 -0.387997
0.600449 -1.52657
0.992285 -0.30028
1.15957 1.52879
1.18549 1.51131
0.855912 -0.505829
0.964141 0.645046
7.145 0.593823
1.78924 -1.67079
0.729157 0.0941398
0.920372 -0.557153
0.956845 -0.0764978
1.73194 -0.305365
0.748269 -0.43543
17.6127 -1.26753
0.309832 -2.00788
0.852122 2.29751
1.8635 -1.92937
1.00062 -1.96311
1.22276 -0.259288
0.935763 -1.29114
1.72643 0.323389
1.11499 1.56773
4.37435 0.477343
1.44876 -2.49402
2.45261 0.639386
1.29199 0.790714
1.19593 -1.54497
1.17607 0.354808
0.79162 -0.492162
1.67032 -0.0472668
2.51819 0.11594
1.2675 0.556213
0.751435 0.310147
0.901396 0.403512
1.97088 0.120437
1.58635 -1.64098
2.71627 -1.26009
1.64537 1.59679
1.77364 -0.402806
1.53853 -1.7093
1.32942 -2.08982
0.559361 -2.18597
2.89704 0.585412
0.919429 -2.11331
2.29714 -1.86307
0.775939 -0.75851
4.98406 1.13145
1.75293 1.01926
516.303 1.35534
0.632483 -0.264596
1.07239 -0.677774
0.624748 0.547431
1.4108 0.488357
0.47336 1.01203
4.38162 1.06027
0.560265 0.343612
0.903896 -0.60721
1.11622 1.13697
0.86738 0.53183
0.776886 0.952729
7.16041 1.12459
0.638445 0.752629
1.12712 1.59674
7.23345 -1.65043
1.35719 0.865751
11.0444 1.14445
0.666159 -2.43911
0.587078 -2.49357
1.09954 -2.2236
2.066 -2.22092
0.788386 -2.39384
15.042 -1.87277
0.53104 -2.29293
0.688784 2.04979
2.00848 2.00367
0.834466 2.10295
205.913 -2.17981
0.922637 1.50014
0.865386 -2.33521
5.29163 -2.33858
1.61226 -2.33904
1.25402 2.28463
0.863464 1.818
0.58918 2.44574
0.830617 1.80637
1.18555 1.60156
0.321442 1.59385
0.652595 -0.855963
0.775384 0.810834
3.61704 0.542499
0.994297 -0.227436
0.611605 1.1858
1.10614 0.206762
10.0987 0.840489
0.861689 1.45888
1.10581 -0.0588799
0.941519 -1.87927
1.13639 0.30902
2.49526 0.413557
0.493798 0.806508
0.941419 -2.44941
3.7345 -2.23585
1.30487 1.91813
0.711353 2.09835
0.417782 -1.13965
1.02894 -0.594721
2.93014 -1.40839
1.44734 -1.28864
1.25765 0.536755
0.827044 0.711741
1.13207 1.30211
0.358799 -1.69138
0.281925 -1.66933
1.51054 -1.83861
2.84817 -1.45299
1.54714 -0.00670788
1.61582 -1.18859
1.52964 1.30948
2.23199 -1.21703
0.703368 -2.33454
0.554508 -2.19282
0.615338 -2.1201
0.772837 2.24386
4.11865 -2.30336
1.10187 -0.648169
1.54378 0.78391
0.797434 0.779359
1.21842 -0.0138496
1.40146 0.821517
0.850465 0.770377
1.07291 0.90289
1.17597 -0.101039
0.788786 -0.640719
0.57317 1.5771
1.04662 -0.0671313
1.25827 0.124214
1.01878 -0.71532
1.46091 -0.954462
1.35982 -0.965716
0.868477 -0.840219
1.27482 -0.739822
1.0377 -0.869521
0.678474 -0.197446
0.247095 -0.404141
1.37142 1.68802
1.2231 0.288326
1.18234 0.116992
0.967959 1.72519
0.910757 1.09139
419.174 -0.878275
0.975812 0.568589
2.59198 -0.829763
2.98804 -2.43268
1.19771 2.37675
0.529149 2.2685
1.09677 2.33621
2.14285 2.44845
0.635266 -2.48075
0.647727 -2.08776
0.57836 -1.82138
1.40206 0.98646
1.23968 1.31143
1.29688 1.31931
0.675188 1.38584
2.50981 0.951576
1.07646 -1.37601
0.890723 -1.16028
0.369416 -2.19612
0.813905 0.965406
1.53155 -0.78626
1.08026 -1.8829
1.26657 -2.4653
1.79929 -2.06126
0.744326 2.23782
1.51817 2.15325
2.26895 1.27808
1.32458 1.76709
0.992299 -0.538701
1.85993 1.60302
1.55597 1.64721
0.573228 1.14127
1.21137 -0.0510972
2.68084 -0.941545
0.363878 -2.04444
1.01089 -0.236941
0.581305 1.09093
0.62747 1.03155
0.587512 -0.97152
0.837375 0.109506
1.39506 0.692827
0.555015 0.0418675
0.976136 1.14709
1.05034 1.6974
1.76404 -1.14073
1.7775 0.724794
0.458858 -2.2719
1.16082 2.06815
1.15362 2.06052
0.874643 2.12564
61.3701 1.87765
2.21371 -2.34608
1.23067 -1.34695
1.93945 0.988427
3.7175 -1.20642
0.805753 -0.991003
1.81509 1.63051
1.23145 1.25858
0.581561 -0.825024
1.31371 -0.513537
0.839567 -0.274649
1.16959 1.83765
1.56372 0.631301
1.12533 -2.03943
1.1035 -1.08828
2.18729 0.461705
1.02297 -1.28077
1.98337 -1.45302
0.854214 -1.05476
1.24296 -1.21564
0.861798 1.11398
1.63554 -0.222048
1.6795 -0.695697
4.03572 -1.02441
0.768958 1.64558
1.36126 1.77729
0.869342 -0.826178
0.980952 -0.474203
1.23166 1.62016
1.25077 -0.278089
1.57011 1.83029
0.653744 1.58538
0.772736 -0.532122
0.708473 2.15185
0.84001 2.31782
0.874421 2.18287
0.855929 2.33739
5.61195 2.14112
0.980207 2.4079
1.42508 1.98261
1.31459 -1.16457
1.36565 -0.923441
0.793701 -0.649836
1.17824 1.88578
0.974499 -0.788139
1.32761 -0.982574
1.57098 1.60019
0.778408 1.8479
1.17966 0.0267035
0.549905 0.568411
1.35953 0.331207
0.965664 -0.202334
0.899444 0.385582
1.13516 -0.766149
0.638029 -0.231536
1.67645 1.74693
1.20931 -1.53245
1.36316 0.0501136
1.17645 1.87205
0.865595 -0.19044
1.10082 0.739153
1.03305 -0.418794
1.25365 0.233916
0.915122 2.06349
1.51674 -1.69736
0.285749 -0.0595288
0.843478 -0.262942
1.67699 -0.181149
1.51757 1.06159
1.02551 -1.36465
3.27066 -1.22081
2.87037 0.788441
1.15613 1.78044
0.766907 1.61062
1.00684 -0.317104
119.495 1.27896
1.32742 0.594852
1.48869 -0.144954
1.19586 -0.540176
1.09168 -2.27774
2.46936 2.36366
0.851053 2.38707
1.10425 2.36878
5.7918 2.09496
2.02806 -2.47884
0.756394 -2.47562
5.44054 2.29214
0.475946 -0.522457
0.99838 1.82904
2.05691 -0.860801
0.953276 -0.92723
0.953411 0.078228
0.95467 0.431343
0.837567 0.0528413
1.75812 0.360886
2.14148 -0.599228
1.83416 -1.07706
0.361464 1.7078
1.5812 -1.18232
0.623074 -0.0419867
1.22079 1.00767
1.92429 -1.58825
1.24634 1.61449
0.939589 -0.840847
2.60911 -0.377647
1.85925 -1.69913
0.964206 -0.675005
3.95082 0.76748
0.639351 -0.294031
1.32877 -2.17664
1.74537 2.09458
1.57971 2.49015
2.57362 -1.98413
0.550544 -2.22157
2.71563 1.54252
1.56562 -1.22051
0.923794 0.452412
1.68312 -0.721278
1.82736 -2.45351
0.991774 -2.32206
3.25492 1.6826
0.920471 0.204976
1.48948 -1.61875
2.96995 -1.30027
1.47457 -1.50759
1.08355 0.367959
1.40628 1.16805
1.11889 0.439976
0.930761 1.48275
1.83056 1.32846
1.68786 1.2807
0.985272 1.14236
2.85726 1.14251
1.6618 1.13195
1.25998 0.818077
1.24788 1.0383
0.956806 0.535733
6.75092 1.85992
1.05405 2.37153
0.876807 2.39021
1.15907 2.43128
0.419867 -2.14494
2.41391 0.427365
1.13185 0.0940216
0.835362 1.12518
1.0541 0.517035
1.10637 0.723337
0.724257 0.689575
0.528196 -0.335655
1.35803 0.854701
0.901434 -1.18254
4.20147 -2.55854
1.02371 1.73905
0.877152 1.71512
1.06341 2.31124
1.02902 0.567322
5.21647 0.793087
1.34992 -1.02846
1.97056 -1.17548
0.773002 0.227506
1.18812 -1.17422
0.568518 -2.25036
1.13882 -1.10551
1.13094 1.43269
1.77957 1.17702
2.14892 -2.15867
1.132 0.756135
1.10428 0.553222
1.70377 1.00655
0.889616 -1.75571
1.00863 -1.20542
2.29652 1.04782
1.33454 0.777282
0.888143 0.265352
1.99815 -0.415997
1.83862 -2.25945
1.77624 0.968212
1.92194 1.0692
2.50888 1.21821
0.843579 -1.13121
1.36183 1.03891
1.09814 -0.754225
0.938428 -0.784437
1.7253 0.14604
0.917312 1.01153
1.40055 0.45589
1.28781 -1.10703
0.853787 0.724377
0.843481 0.0364427
2.40371 -1.47363
0.907388 -0.904397
0.864236 -0.888206
3.53148 -0.645006
1.48769 -2.12756
1.51112 -0.797386
1.14778 -1.69623
1.42148 0.483076
0.786614 -2.17054
1.10384 -2.49472
1.33749 -2.19868
1.2374 2.28289
0.922556 2.06625
2.2374 2.24559
0.648688 2.29317
1.133 1.9509
0.458732 2.33673
2.58126 -2.01904
0.661699 -2.3019
1.36096 -2.206
0.784223 2.43889
2.12477 0.249332
1.1893 1.17176
1.97158 1.19854
1.77831 0.639233
0.95127 0.735347
2.41039 1.24186
1.09033 0.726
1.72548 -1.24661
1.34055 -1.17907
1.49063 0.960113
1.12607 -0.555929
0.850669 0.392432
1.62773 0.80028
2.23336 -0.518534
2.05822 -0.292445
217.516 0.721777
0.888005 1.67407
1.46688 -0.262903
1.72502 1.22542
2.58569 1.39522
1.11812 -1.76278
0.926443 0.285005
1.60948 0.298058
1.02072 0.40015
1.49318 1.2364
1.21019 -0.982618
1.14486 1.47161
28.772 0.807008
6.46344 1.19275
1.90354 0.751651
0.970154 -0.210018
0.680324 -1.27259
2.87596 -1.35323
0.356222 -2.52697
0.722692 -2.26108
1.55214 -2.50876
3.36627 2.25716
1.56811 2.33283
1.37612 2.44477
1.23454 -2.51984
1.35207 -2.32733
5.55968 1.96196
1.00701 2.5078
1.34829 0.661839
0.869097 0.60019
1.27919 0.543351
3.55827 -0.787021
1.25817 -1.90495
1.96884 0.438761
1.30926 -0.59037
1.18565 1.23871
0.761651 0.214518
1.69739 -1.59217
1.46544 0.422507
2.74608 -1.71637
1.59926 0.391213
1.88168 -1.39058
1.19782 -1.58413
1.19149 -0.193858
16.1919 -2.35529
0.919771 0.899925
3.57278 0.297036
1.25308 0.899837
1.60293 0.927494
1.047 0.586474
0.833599 0.169451
1.02119 0.506911
0.876534 1.00529
1.28857 0.689378
0.887061 0.648821
2.36946 0.134887
1.51588 0.389258
1.20891 -0.828229
1.56342 0.338936
0.931232 0.683065
0.941016 0.544193
1.44127 0.976286
0.798605 0.661298
0.454702 -0.0666409
0.385703 0.119921
0.830845 -0.435276
0.412017 0.116545
2.0724 1.75613
2.37011 1.18093
3.11303 1.19844
3.18991 1.44946
1.69645 1.34275
4.26839 0.83138
1.36187 0.732893
0.802292 0.814745
1.35399 -2.44914
1.88599 -2.14488
0.804343 2.28617
0.807835 0.648707
0.912956 -1.77439
2.17888 -0.212331
1.11187 0.144069
3.20398 1.32649
0.527894 -0.912965
0.917816 -0.15568
1.1406 0.562717
3.58061 2.00927
0.795386 -0.347989
2.15193 -0.818625
1.62379 1.77431
3.3546 -0.540046
0.892694 0.543488
2.05265 1.84532
1.1183 1.99252
0.947714 -1.9661
1.24077 -1.76796
1.60389 0.241104
1.37281 -1.60569
0.901844 -1.75743
1.38023 -0.822064
2.25682 -2.2542
273.265 -1.89649
20.0548 -1.47209
1.45617 -2.24693
1.00774 -1.9351
12.1335 -2.00186
1.10784 2.35751
0.415544 -2.54407
0.486178 -2.47703
1.45107 -2.11278
1.47606 -0.767037
0.745713 -1.95895
1.30623 -0.808886
0.845926 -0.847218
1.22269 -0.770933
1.10709 -0.92304
0.759029 -0.0416709
0.731497 0.780569
1.03601 -1.14606
0.855029 0.582055
1.52811 -1.3263
1.0295 0.445377
1.10673 0.731711
1.70984 -1.88056
1.46701 -1.95416
1.05697 -1.91156
0.69527 -1.15586
0.863845 -0.146588
0.8116 0.403187
0.532922 0.186082
1.58748 -2.23544
0.653967 0.21705
2.1995 0.785019
1.56153 0.0684919
2.9176 0.0814955
0.598235 0.00599097
1.5485 1.21484
2.08975 1.57508
1.76132 1.65216
0.813865 1.33213
0.876887 1.81534
1.11146 2.05219
1.08021 1.83992
0.617726 2.00641
1.36382 1.97781
1.01294 1.81
1.51556 2.21767
1.94976 2.14178
1.09074 2.11697
6.65597 1.80615
3.71526 2.05068
2.008 2.29944
1.00837 -0.832128
0.966016 -0.779702
0.939339 -0.0414161
1.16451 -0.307578
0.966513 0.303447
1.69455 -2.08361
0.980184 -0.288283
1.64497 0.334799
1.53395 -1.82272
2.11693 -1.65966
1.13812 0.668786
2.09763 0.375267
1.5319 1.04961
1.3395 0.973598
1.17997 1.17057
0.813579 -0.841002
1.45738 -1.94943
0.829933 -1.69053
1.39611 -0.364983
1.78901 -2.17166
0.818862 -2.15041
1.27236 1.21229
1.67529 -1.83864
1.66921 -1.53644
1.33141 1.03367
1.18485 -1.90855
1.19148 -1.96124
1.18134 -1.94267
2.98532 -1.46383
0.722976 -0.203303
0.79832 0.0125035
22.5961 1.33385
112.553 -0.90459
0.989832 0.0746053
0.692843 -1.14557
0.652598 -1.21388
2.73065 -2.47053
0.901543 -2.25275
0.896154 -2.32307
0.997933 1.95546
1.09401 1.95034
1.09594 1.91617
0.759605 2.10966
1.24725 2.32021
0.97682 2.30265
2.80366 1.33822
1.49123 0.124908
1.07317 -0.848437
1.07496 -1.00562
1.11791 -0.593131
0.516614 -0.662799
1.23227 -0.369684
1.17756 0.0952068
1.3501 -0.510045
0.705556 -0.286333
1.77954 -0.0774598
1.18598 -1.48652
1.2123 0.0616376
1.46416 -1.06628
1.14167 -0.177482
0.985811 0.58804
0.643245 -1.53204
0.828199 -1.08648
1.07014 0.528846
1.00053 0.384491
1.73988 -1.93165
2.14487 -0.299528
0.811987 -0.449384
0.810842 -0.144203
0.870051 0.272424
0.966143 1.02115
1.07761 0.809939
2.77066 1.28779
1.42039 -0.0529194
0.937331 1.55899
0.755683 0.802333
1.21187 0.794671
1.04365 0.0980111
1.34751 -0.619918
1.40077 -0.815398
0.499534 0.141273
1.06625 0.986224
1.25515 -1.8366
0.787186 -2.03196
0.991067 -1.72308
0.572016 0.232042
1.35763 -0.864339
14.1599 -1.50625
1.44447 -1.26635
1.43354 -1.1749
1.09307 -2.54418
0.67176 -2.49463
0.908221 1.85461
2.56845 -2.29279
0.703339 -0.520795
1.20752 -0.135389
1.14066 -0.738311
2.55405 0.389153
1.10808 0.937111
1.22083 -0.02726
1.09157 -0.612809
1.73739 -0.818221
0.801272 -0.551441
3.65318 -1.45645
1.72789 0.128109
3.22329 -0.794725
1.12346 0.250329
0.84245 -0.405138
1.36197 -1.0367
1.60654 -0.895849
0.993816 -0.445845
1.43445 0.868436
3.99754 -1.48498
0.784096 -0.0487374
0.845162 0.397304
5.78414 0.516515
0.914059 -2.05926
1.33512 0.916593
0.779709 0.230308
1.00871 0.97559
6.83838 -0.575435
2.23267 -1.98874
0.928599 0.302601
0.890366 0.411878
1.17928 0.541349
1.76653 0.935179
1.31231 -0.172787
1.40827 -0.416014
69.0237 0.533781
1.34552 -0.701477
1.01916 -2.48642
0.945787 -2.5638
1.05696 -2.36126
0.856002 2.04392
0.911246 2.03418
0.482727 -2.24074
0.81001 1.99936
2.70943 -2.19662
0.877204 2.24982
0.99418 -0.585283
1.0969 -0.433619
0.88229 -0.217135
1.61035 -1.19499
1.34669 1.64735
1.05812 -0.763435
1.57252 0.300599
1.19202 -1.8273
1.52252 -0.800586
0.979186 -0.735126
0.936661 1.98581
1.22182 1.74061
1.42463 1.03891
1.39592 0.816448
1.46169 1.16456
3.38583 0.736608
0.931478 1.1741
1.36099 -1.87392
1.51186 -1.86348
1.58991 -1.77565
1.33843 -1.60494
1.358 0.886315
0.949966 -0.15001
1.30492 0.365328
1.40403 -1.57356
3.04711 0.328554
0.54013 -0.285736
0.706871 -1.58345
1.41121 -1.90789
1.84561 -2.06247
2.3186 -1.9005
1.88465 -1.99256
306.335 -1.88284
1.12552 -2.04491
1.11852 2.11083
0.749062 2.41493
1.05052 2.18218
0.877584 2.16837
17.4923 -1.93872
0.482671 2.15856
0.866315 -2.03363
1.02894 -0.90336
0.931654 -0.382099
0.909409 1.35303
1.31022 -0.766905
1.21002 -0.774427
0.980852 1.6283
0.855562 1.51107
1.09861 1.64922
2.8681 0.972638
0.934794 -0.963142
2.91768 0.404889
14.7276 1.04131
7.77098 0.790898
1.03956 2.47278
1.26228 2.38067
6.42607 -2.48779
1.35638 -2.45139
1.37592 0.575242
1.57169 1.04751
14.3584 1.75578
1.56275 0.457414
1.63711 0.996401
1.79915 -1.72133
1.36186 0.554743
7.1828 0.535585
1.07611 0.599737
41.4837 0.733882
2.71627 0.650967
2.67538 0.651519
1.25137 0.598946
4.22074 0.496231
1.3925 0.57303
6.92519 0.633265
1.20393 0.544104
1.93553 0.666369
1.22184 0.566858
1.26297 -0.250256
0.720604 0.701831
1.13013 0.512744
2312.6 1.01689
1.35297 0.219053
1.08601 1.28897
1.46254 0.42518
119.501 1.3774
3.55954 0.814401
1.86663 0.453098
1.70604 -1.57356
1.15213 -1.05579
1.01584 -0.943524
0.32057 -0.941793
0.824364 -0.712097
0.979285 0.158148
1.74977 0.371189
1.68598 0.181294
0.728502 0.130545
3.01678 0.919654
1.10807 -1.48797
1.27724 -1.84946
0.904466 0.471426
1.72935 0.721527
0.855063 2.00288
1.42896 -1.9966
1.01626 -1.1549
1.46573 1.15
1.11625 1.2727
1.14184 1.79244
1.01048 -1.80021
0.924617 0.417426
1.15147 0.270562
1.15905 -0.141523
0.995623 0.391361
1.16789 1.61284
1.67092 0.203625
1.27381 -0.0318308
3.47827 0.545553
0.882187 -0.392609
0.788955 -1.96407
0.665702 -1.32489
1.27384 -1.58439
1.54484 -1.30364
2.20623 -1.74594
0.765562 0.274511
1.21842 0.992319
1.23706 1.54746
0.622218 1.46563
0.808282 -1.17689
0.85102 1.99059
2.293 -1.29882
0.750361 -0.725924
1.18867 1.34072
1.04455 -1.03612
0.646447 1.33892
1.17362 0.751963
7.22293 0.556684
42.8657 0.585614
20.2659 0.694269
6.30077 0.723026
55.2235 0.582249
0.787279 0.423715
7.25569 0.744576
28.7122 0.815502
13.9062 0.405064
182.667 0.743079
37.6344 0.709852
32.8946 0.616057
10.1593 0.626711
5.24392 0.567163
5.61737 0.549078
124.456 0.583365
9.63364 0.878168
1330.78 1.37155
70.5257 0.264823
5.73179 0.459624
159.087 1.22888
1875.33 1.09277
361.205 0.193024
44.2434 1.33633
1.48828 -1.39299
87.5823 -1.42684
17.2216 0.560583
16.4098 0.710126
3.86838 0.664589
70.7313 0.586867
0.962184 0.273297
5.40982 1.37259
2.38062 -2.04651
1.49999 -2.13318
1.58786 -2.21765
1.27354 -2.42619
0.629619 -2.54968
1.43712 -2.44985
0.547459 -2.38191
1.64714 1.72856
0.903942 2.3504
1.5162 1.97165
4.31252 2.31782
0.979264 2.08415
1.19954 2.02341
1.47354 2.0358
0.953703 2.38444
0.742069 2.10358
0.541862 2.20978
9.46369 -2.46511
2.03441 2.01937
0.81719 -2.52245
5.4168 -1.97455
1.1496 0.513458
0.95945 1.71506
0.9836 -0.728624
2.71069 1.63678
1.53532 0.221245
4.83949 -0.571975
0.727746 -0.70427
1.21196 -1.27986
1.04862 -0.239171
1.08155 -0.312028
1.15163 -1.73147
0.8845 -1.9422
0.472276 2.25526
0.694871 2.37933
1.88056 -0.223908
0.947632 0.527905
1.21813 -0.182812
0.388356 0.120358
3.84575 -0.202019
1.34678 -1.98204
1.67252 -0.630258
1.74316 -0.647697
1.743 -0.532286
1.33443 -1.82869
1.97517 1.90266
1.07306 -0.31108
1.32086 1.16191
0.824284 -0.0128471
1.13766 -1.73046
1.42911 1.98502
0.913993 -2.18594
0.737163 2.33456
1.02428 -0.26595
3.3971 -2.11201
0.546658 -2.26406
1.19121 -2.40459
0.941148 -0.515154
0.834971 -0.713247
2.62622 1.41693
1.45942 0.966309
1.69608 -1.54406
0.912199 -0.985222
0.722168 -1.19002
1.31389 0.603124
2.21555 -1.09799
0.658928 -0.504715
0.541778 -0.76515
1.41791 -1.99495
2.14118 -2.00392
0.470614 -2.02753
1.2069 -2.26775
0.521795 2.39929
1.30431 2.14045
4.32823 -2.40174
2.89494 1.55714
3.55235 0.065508
1.17189 -1.58322
0.517799 1.55481
1.33297 1.75237
1.68064 -1.39038
1.00051 1.86956
1.07995 -1.70181
1.79682 0.295341
1.74368 -1.34575
1.77224 0.608471
1.94542 -0.326932
0.794703 -0.252937
1.0054 0.188791
1.18425 0.220427
2.0311 -0.395221
1.1992 0.795556
1.00354 0.557937
1.00526 2.01534
1.76668 1.03682
1.21418 1.79835
2.54747 1.34053
0.55591 -0.907337
1.20176 -1.43384
1.3153 0.971575
1.50611 1.18509
2.90153 -1.20483
0.914587 -0.472913
3.9061 1.46835
0.74808 0.117757
16.7811 1.47406
1.14701 1.02535
7.19285 0.994758
204.376 1.63608
10.7006 1.03243
5.82642 1.3566
0.847894 -2.18265
1.63207 -2.38289
1.11398 -2.04849
0.885841 -2.2233
1.08509 -2.19545
0.965726 -2.06595
1.0401 2.28629
1.28726 2.14541
0.57246 2.20366
0.807669 2.07275
127.271 -1.96326
1.03791 2.18085
1.52147 -2.45815
0.6573 2.52807
1.51558 1.94435
1.23388 0.0943546
0.986177 -0.832004
0.643157 -2.1105
0.762084 -0.808205
0.871511 -1.2317
2.90981 -1.30277
0.980947 -0.293735
3.66043 -1.23154
0.511409 -1.39896
1.23793 -1.49106
1.15445 -1.33235
0.652908 0.279113
1.43664 -1.61737
1.22246 0.209942
1.30322 -0.273315
2.58381 0.243275
0.995353 0.203557
0.782863 2.14453
0.587013 -1.76684
1.80822 -1.17645
1.29845 -1.39222
1.4307 -0.160879
1.47185 -1.247
1.22053 0.103386
0.70922 0.479831
0.888664 0.501731
1.35253 -1.21861
1.10191 -0.537151
1.22538 0.493122
1.1563 -0.305537
1.28096 0.0263901
1.57871 -1.05692
0.903641 -0.370603
1.34433 -1.51051
0.836579 0.377746
5.38313 0.391973
1.01839 0.179664
1.12074 1.65491
3.2845 1.16829
1.76801 -1.75967
1.36945 0.786214
0.870901 -1.3273
0.599337 -2.41356
1.33741 -2.0054
1.18754 -2.03625
1.13454 -0.832794
0.657086 -0.546429
2.04563 1.43012
0.885459 0.559272
1.84747 0.926874
1.30077 -1.67119
1.11913 1.86963
0.653695 -1.20639
0.814264 1.1833
0.865302 0.606655
0.830622 1.63995
0.971074 1.60571
1.18339 1.67799
1.48168 -1.64192
0.758597 1.53341
0.671987 2.03766
1.35554 -0.73492
1.33907 -0.415014
1.61331 -0.494669
1.74725 1.82305
1.13994 0.413269
2.28093 0.46314
1.17744 -1.10474
1.6423 0.482168
3.50021 1.69854
1.1943 1.55099
1.48967 0.890707
1.12202 2.06329
1.17865 -1.63582
1.13896 -0.305332
0.736964 -0.904003
0.684088 0.687097
1.17249 -1.34761
0.785334 0.938041
0.648472 2.41364
0.585026 0.226122
0.690496 -1.75273
3.54401 0.827877
1.17966 0.633228
0.494377 0.728092
1.23338 -0.624031
1.81848 -0.51186
1.66945 1.78059
0.956064 1.79455
1.06659 1.79201
1.25092 0.675062
1.13563 1.84277
2.43047 -1.6642
0.707856 -1.8733
1.43567 -1.86793
1.20315 -1.12181
1.1572 -0.774378
1.80645 -1.07969
0.947907 -0.38367
1.02733 0.724215
1.19149 1.26992
0.648217 -1.33208
0.947892 -1.13683
1.10605 1.01093
3.08331 -1.23912
1.5686 -0.301299
1.11547 0.973821
1.42308 0.572694
1.39196 -0.950849
1.32158 -1.7214
2.29397 -1.39317
1.74704 -1.49395
1.21866 -1.61905
1.38999 -1.98866
1.08959 -1.75662
2.1706 1.23519
0.906757 -0.68797
2.51408 1.29976
0.86184 1.59699
0.68964 1.87666
1.37284 -0.590847
1.03435 -0.209742
1.13842 1.77433
1.80538 -0.317149
1.35277 0.994807
1.05437 1.45176
0.660951 0.0386006
1.48461 -1.6558
0.80075 -0.750821
1.20391 -0.0660085
0.762917 0.625447
1.74618 -0.781437
2.85304 -2.11701
0.575958 -2.22781
0.644949 -2.22053
0.902344 -2.30553
0.892385 -2.33153
0.741752 -2.23032
0.554689 -2.38936
1.49993 -2.32254
1.07312 2.14112
1.19759 1.85036
0.818351 2.10632
1.01798 2.0191
0.801873 2.07999
1.13602 1.85078
1.07034 1.92737
1.27938 2.00096
72.3629 1.55582
0.742693 2.00019
0.918925 2.04716
1.76688 2.11796
1.79706 1.81669
0.943414 1.95378
1.97991 2.49915
2.79739 2.17928
1.29504 2.14843
1.56295 -1.32463
0.908391 1.77296
1.71587 1.89581
1.1391 0.10653
1.32902 1.91603
0.90977 1.9087
1.00821 1.72266
4.12735 1.60701
1.42699 1.72713
0.908569 0.348035
1.09388 -1.45882
0.827861 -1.24255
1.61078 -0.947929
0.942097 -1.66864
19.0968 -1.78315
1.35137 -2.18735
1.00743 -2.03423
1.12004 2.1492
2.79827 -1.73853
1.07872 1.928
0.693836 -2.2348
0.835507 2.11063
1.11549 -2.45895
0.983144 -0.215003
0.678553 -0.303285
1.24924 -0.182029
0.698201 -0.218006
0.681916 0.974108
1.24501 1.01956
1.05507 0.637396
18.2932 1.96505
0.458491 -0.368322
1.3872 -0.287697
2.09793 -0.115487
3.12409 1.13275
0.875474 0.62601
0.618015 0.738419
0.531799 -1.82939
0.738674 -0.429672
1.19735 -0.697032
1.64432 -0.815746
1.08606 -0.783699
1.10319 -0.832463
0.572466 -2.08248
2.89188 -1.89368
0.743605 -0.111045
0.563452 -1.80566
3.36754 -0.45263
4.75321 0.0920372
0.733679 -2.12313
0.635893 -2.16003
1.6556 0.831575
2.94635 1.37216
1.09458 0.48559
0.996433 0.670688
1.07877 -0.667727
488.263 -0.833737
0.704473 -2.56052
0.43284 -2.35395
1.08207 2.1444
1.25355 2.29954
1.83861 1.80895
1.4405 2.14842
0.70358 -1.85913
3.46961 -2.16164
0.759566 2.30271
1.27387 2.3337
0.827243 -2.14769
1.14299 -1.47808
1.39136 -1.58915
1.57382 0.512357
0.765659 0.630397
1.40096 -1.0505
1.39638 -1.7477
0.638334 -2.05021
0.0434221 -1.71131
1.448 -0.735047
1.8314 -1.17276
1.66684 -0.371112
2.41053 -0.737615
1.19846 -0.420655
2.19753 1.29741
1.28854 -1.7907
2.19489 -0.777479
0.770809 -0.699105
1.68763 -0.323967
1.80888 -2.13019
1.22352 -1.45868
1.33492 -1.40413
1.04837 0.0632606
3.8302 1.51166
1.01873 -1.96241
1.03705 -1.85368
5.4866 0.768884
0.774136 0.813844
6.7184 -1.67055
0.915521 -0.272745
1.19791 0.776383
1.04476 0.545882
121.012 -1.23077
1.76399 -2.52834
0.726783 -2.28085
0.813098 -2.18521
0.339825 -2.52952
12.7924 -2.19444
74.7401 -2.0821
3.08575 -2.4217
0.309307 -2.386
1.28814 -2.24897
0.936613 -2.29954
1.83724 1.90494
0.889077 2.20242
1.86224 1.81989
0.872269 2.27319
19.4049 -2.12843
2.65522 -1.87368
0.784963 2.28378
1.53631 2.46303
1.78453 -2.17135
1.79807 1.42666
0.866439 0.804748
0.7926 1.60844
0.91542 -1.89433
0.915438 -2.31997
2.18268 -2.35527
1.897 1.52789
0.835071 -1.25589
2.2894 -1.36153
0.475692 0.484081
0.640628 0.869582
1.03839 1.24503
0.963954 0.825514
1.07554 0.475909
1.28866 1.67149
0.914119 0.36348
0.375118 0.192494
1.58419 1.35521
2.04708 0.0658053
1.3495 0.630658
1.48146 1.30991
0.863373 -1.73863
0.963846 0.475669
610.225 1.50146
1.22185 1.40093
1.03885 1.33477
4.83556 -1.05515
0.685788 -0.340812
1.67708 1.8356
2.13979 -0.19891
0.712037 -0.187273
1.01809 1.89972
0.977729 -1.92454
0.556665 -1.58305
1.63858 0.149435
1.93602 1.25532
1.32056 1.63224
0.420479 -1.87518
2.6893 -1.37777
1.08552 1.17264
1.38208 -1.57279
1.90432 -0.4438
1.64479 -1.68021
1.68261 1.10897
0.899159 1.83586
1.37713 -1.77934
2.02684 1.45168
1.64518 -1.77694
0.652009 0.904107
1.56513 -0.66189
9.16836 -0.877293
93.4297 -0.369438
0.777467 0.157334
0.951766 -2.00223
0.973155 -2.32649
0.969705 2.13627
4.1201 2.54375
0.889375 2.4196
1.83075 2.3743
1.46858 2.42604
2.16191 2.38116
1.14877 2.37482
1.00353 2.06699
1.11014 1.83535
3.77974 -2.40088
0.921026 -2.14515
8.81491 2.06014
6.89264 2.48856
5.48948 2.43075
5.2501 -2.15544
1.02894 2.39397
1.55703 1.1269
0.907075 1.04191
2.12423 1.04772
0.992427 1.03676
2.19372 1.19574
1.56866 0.596675
1.03114 -0.975623
0.793552 1.75944
0.991454 -1.06677
1.30816 -0.401357
2.31285 0.451413
1.18862 0.35505
0.871384 -0.784629
0.984863 0.825999
2.09853 -0.745063
2.21324 0.626595
1.83461 1.43788
0.932912 -1.05298
1.08588 -1.93473
1.31357 -1.74066
3.47364 0.716713
0.974515 0.864266
1.05967 -2.09128
1.26921 -1.97551
1.30302 -1.30857
2.10243 0.523762
0.815304 -1.30179
1.64587 -0.402995
0.91983 -0.577654
1.61036 -1.80472
6.25983 1.25654
1.02998 -1.0287
1.30499 1.12142
2.84722 -0.494362
1.18132 0.0431974
1.25525 1.31761
1.0658 0.829757
1.38656 1.09967
1.66699 0.830492
2.73751 -0.75796
1.45976 -1.31342
1.15929 -0.00021474
1.19624 1.76268
1.44008 -0.780403
1.10794 -1.82847
1.89905 -0.0145053
2.52382 -1.25951
0.823759 0.164252
1.02834 0.281231
1.13611 -1.46789
1.42342 -0.317351
0.962299 -0.0900629
1.10192 -1.01831
0.944146 1.99688
0.830168 1.95089
0.95189 2.05312
1.24457 -1.65013
1.62258 -1.4455
1.12571 -0.103612
1.57298 -1.02353
1.7566 0.594881
0.910925 -0.106721
1.04446 -0.468735
0.45523 -2.11288
0.785284 -2.3357
0.239772 2.49928
0.52216 2.17653
0.761542 2.35868
1.21424 2.25104
1.39055 1.89452
0.784209 -2.33483
0.700949 1.86674
1.43647 -2.37425
0.569486 2.14462
1.31328 -1.66839
1.70706 -1.96573
5.72462 -2.13525
1.12445 -1.92267
2.63129 -1.90633
1.22809 -2.10931
1.06107 -1.14622
1.27459 -1.08742
0.957471 -0.106785
1.18854 -0.666533
1.06213 0.324586
0.790412 -0.193559
2.94514 -1.88085
0.956852 0.129994
1.01221 1.14487
0.845222 1.04895
0.654975 -2.3661
1.41292 -1.69126
0.929527 0.907055
2.20138 0.962298
2.13274 -1.38011
2.18543 1.13275
1.34576 -2.00533
1.96662 -0.96788
2.31841 -1.45804
3.57302 -2.45217
0.7937 -2.49511
3.89281 1.7005
0.597175 2.01205
2.72432 1.80334
1.70888 1.41308
0.829658 2.0251
1.06739 1.97021
0.860231 1.66854
1.85638 2.15916
1.0009 2.12159
0.55556 2.41052
2.7343 0.778736
3.22296 -1.12456
1.07945 -0.00203197
1.68266 0.872025
0.916367 0.737236
1.22279 -0.675943
1.28776 0.0645705
0.941754 1.20053
1.59082 1.28534
2.15027 1.16984
0.979144 1.82414
0.998219 -1.37574
1.7899 1.32384
1.49693 -0.822573
2.17439 0.75469
2.30982 0.665793
0.43887 -0.127582
1.77283 1.44223
20.205 0.965411
2.37473 1.30931
0.489715 0.0766333
0.500242 -2.33865
0.727435 -1.9355
3.1737 1.85333
1.47618 -0.426225
0.818687 -1.77092
0.925069 -1.00603
1.57212 1.35851
1.38257 1.76651
1.01371 1.87247
0.689652 0.0835553
1.71317 -0.915535
0.874549 0.344871
1.14871 0.100533
0.928851 0.275282
0.944191 0.0317139
1.06441 0.242806
1.25561 0.266625
2.00792 0.227477
0.980986 -0.837463
1.47449 0.299182
1.69434 -0.369799
1.12666 0.298835
0.823836 -1.78477
0.91112 -1.90546
1.3533 -0.61188
1.30892 -1.70291
0.982798 -1.98005
1.13112 0.828009
1.27722 1.98157
2.63908 1.34657
548.83 0.0894005
12.8827 0.00262888
0.528204 -0.110774
308.264 0.235614
0.802341 0.00696482
0.86884 -2.07976
2.27186 -2.19148
1.07759 2.37198
3.85565 2.34798
7.21194 2.24748
1.92723 1.73612
5.16638 -1.51347
1.08878 -0.0283052
0.592833 1.84671
1.09721 0.313123
0.778191 0.643446
0.889355 1.51065
1.49294 0.229587
3.35424 0.30718
1.38905 -1.85374
1.07038 -0.178016
0.908594 -2.04739
0.420154 -0.548129
0.529785 -2.03851
5.9137 -2.03247
1.15213 -2.04892
5.73853 -1.42106
0.936886 0.543379
3.24386 -1.35883
1.15573 0.329786
0.742432 0.0511463
0.970369 -0.246755
0.0714396 -1.74464
1.58212 -0.34443
0.520071 -0.357779
0.366388 0.0599243
1.51899 1.17718
1.18328 -0.00416272
1.24932 -0.199198
1.38608 0.151378
4.40112 0.207685
1.62879 1.78041
1.14297 1.68649
1.11197 0.967396
0.936676 -0.919723
1.61156 0.580869
1.67651 0.675991
2.52187 0.700415
1.03861 -0.279773
4.40155 -0.041888
7.89003 0.184133
11.0104 -2.07528
1.43093 2.02483
27.4131 -2.07287
1.85856 1.87948
2.83866 -2.05575
0.966979 -2.02272
1.27796 1.35171
0.633805 -0.428045
2.11909 -0.494661
1.5842 0.313458
0.82325 -0.358892
1.28192 0.38077
0.870573 -0.151645
0.949184 0.636781
1.22971 -0.451829
1.44572 1.64798
1.07082 -0.492647
0.55198 -0.586919
0.623372 -0.56628
0.920438 -0.678059
1.05152 -0.538624
2.81173 -1.36172
2.61814 -1.23489
0.620638 -0.652443
0.825338 -1.60779
0.981593 0.208598
1.32187 0.408847
1.24968 -0.0391603
2.11002 -0.467715
1.3661 0.219112
1.23751 -1.4153
1.29793 -1.50964
0.923384 -0.140554
1.08272 -0.498679
1.32945 -0.323539
0.778811 -0.0570818
1.15069 -0.250532
1.26829 1.4343
2.17272 1.85897
0.657604 0.54579
1.13797 0.99096
0.574363 0.979613
1.00781 1.28868
28.8032 -0.518603
16.8203 -0.190157
1.45432 1.15259
0.706981 -2.212
0.587757 -2.38223
1.54006 -2.29096
0.954081 -2.15523
1.31527 2.0047
1.03714 2.3291
1.24831 1.31573
1.53518 1.70273
2.99135 0.128547
2.54108 -1.4739
3.23969 0.462017
1.8908 0.995746
3.53898 -1.8431
1.58867 -0.467304
0.615663 -1.02174
2.30013 0.524545
0.992606 0.181415
0.30304 1.06604
1.68757 0.705174
1.57429 0.733884
0.91634 1.57436
0.849149 1.5682
1.9026 -0.605987
0.967671 -0.422248
0.602077 -0.354094
1.23499 -0.676351
1.87519 0.55859
8.40347 -0.385475
10.6672 -0.348532
1.41557 0.603148
0.736165 -2.23562
1.48093 2.28048
0.901494 2.17758
2.70188 1.94385
2.78179 -1.8137
1.32595 -1.68158
0.74323 -1.61301
1.01281 1.5743
1.30966 -0.351522
0.803528 0.185107
1.19764 -0.900391
4.16773 -0.218908
1.75381 0.261093
1.21547 1.14134
0.871565 0.150915
0.944213 -0.578695
1.15279 -0.185497
1.20697 -0.352285
1.00653 -0.679415
0.784085 -2.29358
0.852259 2.13494
0.661321 1.84309
0.662323 1.72715
0.65634 2.35028
1.15234 -1.05932
0.707071 -0.806129
1.46544 0.940179
1.14121 1.43099
3.0155 1.89371
0.693016 -0.758419
1.60997 0.997566
0.564343 0.808778
1.051 1.01541
0.796091 1.50047
0.918989 1.77722
1.51149 1.21424
0.884787 0.383866
0.53392 0.056314
1.72249 0.156797
1.04872 0.598552
0.941868 0.18608
1.32551 0.154944
1.16681 0.12114
2.01922 0.393903
0.959673 1.44449
3.17426 2.30917
0.902254 1.22067
0.767205 -1.21993
0.913369 -0.711821
1.00069 -0.803586
0.873606 -0.171973
1.61998 1.26162
1.35355 2.00451
0.939513 0.125297
1.37585 0.261382
0.910531 0.368579
1.74571 0.607849
1.09484 -1.30211
1.22737 -1.10673
0.90112 -1.36326
0.748528 0.335773
6.07061 1.00571
1.05221 1.16155
0.810679 1.63909
2.19788 0.325213
21.7433 1.91765
1.26857 1.97313
1.76813 1.22208
2.38483 1.60793
0.656236 1.86009
1.01989 1.35824
3.20131 -1.31199
2.59967 -1.34873
1.24617 -1.51228
1.79858 -1.27739
1.62504 -0.895481
1.0734 1.11768
28.5681 -0.949295
19.3365 0.756858
8.9385 1.08775
1.86007 -0.677418
1.83534 0.719941
0.776486 1.87271
1.27128 -2.0094
1.34655 -1.75314
1.35956 -1.80985
1.06719 -1.66442
0.662802 2.52284
2.20209 2.45751
1.84366 -1.6985
0.365749 -2.27099
0.744178 -2.35807
0.998357 0.10789
1.00268 -1.85796
2.05759 -1.31655
0.981532 -1.08331
1.069 -1.0872
2.39765 1.32374
0.658865 1.45946
1.9592 0.545655
1.32102 -0.209713
1.86665 1.30015
0.718575 -0.482079
1.2432 1.10097
0.856231 -1.59166
1.19641 -1.85201
0.867474 -1.6378
2.36653 -1.42472
0.996344 0.897377
1.35156 -1.85516
0.790289 -0.571267
1.42242 0.554627
1.23345 -1.04283
1.99153 -0.242795
0.642931 0.511509
1.61193 1.20014
0.764191 1.58091
0.805486 -0.355811
0.99446 0.246725
0.994147 0.870696
0.935996 -0.752893
1.17436 1.24243
1.15309 0.919875
0.99577 0.214711
42.2677 1.61912
23.9024 1.15915
1.52047 -2.08205
0.715601 -2.39315
0.584886 -2.34459
0.434249 -2.29663
0.536124 2.13484
1.84413 -2.4945
1.09041 1.76182
0.324684 -2.20548
1.0528 2.35361
0.971593 -1.99824
1.93754 -0.709846
0.828885 1.06286
2.57205 -1.66899
0.731965 -2.16598
4.39947 -1.70338
0.430364 0.914647
0.727383 -2.13606
1.31098 -2.07104
1.23039 -1.84571
1.41617 -1.637
0.851671 -1.66771
1.34943 -1.08389
1.38234 -1.30296
1.7967 -1.95794
0.812542 -1.88427
1.81049 -0.749304
1.35706 -0.398663
1.26484 -0.816705
1.37873 -0.0987946
2.30831 -2.35389
0.812082 -1.8931
12.9807 -1.91299
1.20818 -2.48751
1.65481 -1.94052
0.747084 -1.74395
1.60659 1.64178
1.15625 1.34471
0.941417 1.60607
0.813956 1.6707
1.1036 -1.98872
0.48171 -2.30621
0.594766 2.10296
3.98697 -2.43126
1.37617 2.45878
2.84626 2.1793
1.39104 -1.87609
1.50427 0.81536
0.402372 2.41487
1.40887 0.357529
0.874609 0.272838
0.878036 0.72596
0.931469 0.33601
2.43452 0.168388
1.5613 0.217822
1.23285 0.197081
1.46339 0.138518
1.18911 0.376531
1.85968 -0.572268
1.27471 0.141609
1.9464 -1.15768
2.70033 -1.08274
1.32199 -2.04151
1.49408 -1.48918
0.924615 -0.112987
1.10873 -0.533239
1.17917 -0.123849
0.932382 0.489409
0.745723 1.5995
1.35808 1.47513
1.38322 -2.07103
1.81417 -1.89678
1.36079 -0.803898
0.727882 0.892632
3.30327 -1.3392
0.974346 -1.98377
2.22884 0.430869
6.61643 -1.02693
1.09483 -0.755607
1.08099 -0.390518
1914.12 0.298911
19.1139 1.40378
4.58256 -0.50298
3.33305 -1.62604
4.25356 -1.03857
0.493295 -2.39574
1.08902 -2.27793
3.45829 -2.07102
0.746149 1.8899
0.973184 -1.84696
0.579507 1.47821
0.664999 2.34111
0.891543 2.30258
0.723275 2.01837
0.92257 2.32129
0.919882 2.30417
1.42485 2.30325
1.1002 1.93862
1.87348 -1.08701
1.39343 -0.84063
1.08494 -1.15277
1.88267 -0.455086
0.599142 -0.877557
1.24555 0.880746
1.32757 1.54309
1.07255 1.64702
0.876726 1.54295
1.46972 2.21809
1.37725 0.985338
0.845207 1.45921
0.883685 -0.438037
0.462877 2.1097
0.956926 -0.551066
0.89124 -0.526175
1.14686 -0.246168
1.59277 -0.272081
0.810088 0.482026
0.765432 -0.52624
0.9008 -0.970728
0.796938 -0.601423
1.31483 -0.865915
0.860757 -0.446066
1.21431 1.37122
0.755103 -0.676676
1.29953 1.97257
0.993968 -0.522674
0.684489 -0.332638
0.753833 -0.0401876
1.19234 -0.516211
175.157 -1.14725
1.29278 -1.13517
1.96223 -0.593713
1.61897 -1.58232
2.26314 -1.70657
2.07053 -1.52859
8.03391 -2.20317
1.47151 1.41257
0.786544 -0.850319
0.96464 0.227893
0.703845 0.209904
0.993662 0.234866
1.02912 -1.64339
0.865115 -2.02336
0.910495 1.47973
0.403308 -0.481869
0.667083 0.972238
0.713362 0.567136
0.536314 -1.83197
2.57459 1.83757
1.2377 2.01034
0.847676 -2.19026
0.555142 -1.61341
1.27454 -1.08295
1.41443 -1.21033
1.51704 -1.29982
1.58155 -1.71807
1.05477 -1.07758
0.991373 -0.432663
1.19665 -1.44025
0.578979 -1.22826
1.96023 0.537792
0.889406 1.56674
2.95986 1.2288
0.897273 -1.96104
0.983112 -0.811553
0.614554 -0.802879
0.921101 -1.97014
1.18476 -1.00099
0.806109 0.568499
1.12103 0.544127
1.22957 -0.232532
0.59615 -0.683386
1.94258 -0.673587
0.735992 -0.210928
0.568808 -0.709062
1.94439 1.31043
1.63517 0.0946678
1.24625 0.255794
1.00024 0.102792
0.723812 0.248714
1.1534 -0.0857181
0.343564 1.39541
1.71999 -0.704438
1.02875 0.0432293
1.31609 -1.15266
1.20642 -0.898817
1.38306 -1.36004
358.927 -0.635142
2.37766 -1.16046
1.52395 -0.728799
1.29563 0.137747
1.44837 1.27043
2.07085 1.02953
0.693178 -0.951053
1.35484 -0.95096
1.01428 -1.04688
1.36139 -1.38572
0.623724 -0.615865
0.869746 -0.851344
55.5123 -1.67536
1.27343 -1.13256
1.67919 -1.07658
1.15423 -1.10585
2.66757 -1.26157
0.75484 -1.01962
1.24011 -1.10852
1.09185 -0.593281
4.25223 -1.25027
263.192 -1.76069
1.5388 -0.107854
681.317 -1.47036
679.38 -1.34898
2.10778 1.16466
3.96244 -0.182183
0.535824 -2.00527
1.29604 1.93595
0.927854 1.95019
1.20722 -2.2978
1.74873 1.78635
1.04865 0.62089
1.38931 1.01777
1.29513 -1.22269
0.729083 -1.05744
1.15927 -0.652652
0.893959 -1.11839
1.04455 -1.87332
1.02624 -1.99643
1.13371 -1.93095
1.22792 -2.12789
1.42813 1.06884
0.889203 0.867833
2.68483 1.13308
1.32273 -2.07212
1.23691 -0.291874
1.42458 1.70048
0.942114 -2.1611
1.14632 0.379148
1.13611 0.678032
1.26464 -0.192026
0.692879 0.00629008
1.22031 0.0915414
1.08304 -0.559079
1.31854 -1.56684
0.974798 -0.932446
0.981668 -0.831227
1.70148 0.92715
0.827421 -0.894856
3.06375 -2.07024
1.45459 -0.928379
0.930817 -0.163465
3.37607 1.25558
0.723004 -1.03701
0.952098 -0.505549
3.34977 -1.59141
3.58088 -1.1406
0.674173 -2.37109
0.676078 -2.23095
1.9102 2.21064
1.3794 2.31502
0.70573 1.82775
0.910174 -1.82138
0.613927 2.31923
4.32188 -2.41369
2.17546 -2.12661
1.90718 -1.89885
1.33598 2.40716
0.577233 -0.864047
0.868071 -0.193678
1.21036 -1.47603
1.50037 1.03711
1.32992 -1.36992
1.4374 -1.07761
1.08212 -0.277196
0.800112 0.130187
1.97071 1.05765
1.56219 1.06496
1.47632 -2.116
2.27872 -1.24229
0.784589 -1.2857
1.82955 -1.75023
1.40662 -1.30444
21.865 -1.28307
1.29651 -1.78601
1.4633 -1.34025
1.55928 0.507106
0.691086 -0.410836
0.849598 -0.00335484
1.24973 -0.532316
1.5361 -0.2403
0.8288 -2.02866
2.27959 -1.64763
1.64356 0.392205
1.43126 -0.40104
1.08983 0.353691
0.308445 -1.2185
1.57132 -1.02416
0.653836 -2.44222
1.27704 0.527981
1.11565 -0.92383
0.967475 0.144754
1.05761 -1.43433
1.477 -0.0910862
1.09682 -1.23276
0.331348 1.41497
2.37118 1.66063
0.883878 1.72314
0.889674 1.4044
0.906004 1.46055
1.59877 1.82673
1.11703 1.93907
1.12385 2.10228
0.645444 2.21646
4.10438 -1.98823
0.688253 -2.08225
0.767087 -1.9704
0.885842 -1.99016
1.9104 1.4982
2.05445 -1.6904
0.909236 -2.0423
0.99629 -0.509532
1.39987 0.535754
1.89255 -1.24815
0.771895 -0.633469
0.917658 -0.724225
0.983832 0.316151
0.704097 -1.36563
2.90649 -0.279834
3.37991 0.776027
1.69071 0.810743
2.05517 -1.02573
1.26639 1.16269
1.16233 0.304577
1.05909 1.06862
2.50894 -1.3139
1.68191 -1.59565
0.743717 0.470738
1.13983 -0.297609
0.545197 0.179711
1.89183 0.558358
1.60368 -1.21391
0.73562 0.0172534
0.845964 -0.133282
0.498803 1.08181
5.14344 -1.32206
1.78464 0.274609
0.930082 0.467144
3.03985 0.429539
0.757965 -0.42371
1.45818 -0.295267
2.16452 -0.258527
0.662443 -0.0664239
2.15717 -0.404635
0.730472 -0.0623351
0.829553 -0.630801
2.30238 -0.326769
1.12551 0.444979
1.01233 0.182716
1.17949 0.14104
6.62046 0.792815
0.918187 -1.93991
0.840345 -1.88126
0.948241 -1.71965
0.546271 2.55543
1.26992 2.47816
0.887515 2.2819
2.77969 2.53628
1.0766 2.51353
0.870778 -2.26563
0.473836 -2.01704
2.11306 -2.34995
0.670038 -2.31766
0.650774 -2.06715
1.06923 -0.716283
1.69714 -0.941113
1.23615 -1.04161
0.640851 -1.87099
1.17338 -0.320161
0.846418 -1.68325
0.876719 -0.00229065
1.34611 -1.61561
1.42768 -1.74733
1.36885 0.257091
1.19922 -0.0208122
1.73869 0.378286
2.31447 0.832993
0.675433 0.0403332
1.15406 -0.325311
0.915499 -0.459806
1.52385 -1.10637
0.356749 1.52744
0.526909 -2.04013
1.19236 -1.85637
0.52399 1.20533
2.49531 -1.25899
1.08846 1.16161
0.75712 1.89358
1.51285 0.262743
1.11226 0.99044
1.62986 -0.690108
1.52387 0.516216
0.866215 0.876492
1.8544 1.24961
2.66836 1.37458
0.79422 -1.2697
2.03989 -1.22498
0.8756 -1.23748
2.79348 -0.716031
47.2942 0.341665
1.72549 -0.605722
1.1111 -2.0947
0.986776 1.99642
0.683417 2.16828
0.776049 2.22457
2.1555 2.19779
0.663192 2.14951
3.37825 0.0414634
1.45123 0.338407
4.42686 1.13812
0.776248 1.86359
1.47529 1.176
1.07995 -0.432238
1.05236 -0.256514
3.57291 -1.9561
2.15684 -1.93204
1.0527 0.319649
2.79727 -0.946788
1.41373 1.46363
1.58431 -1.2615
5.21432 -2.01505
1.59502 -1.49711
1.02638 1.03003
2.33929 1.69273
1.55874 -1.77736
1.95645 -1.23468
1.29136 -1.59332
0.220954 -1.56795
0.649497 1.55309
1.00717 -0.934637
0.7456 -0.543286
17.338 -1.29565
7.78202 1.43316
1.12999 -2.32575
1.21066 2.31489
0.873792 2.34863
8.63458 2.18256
1.69836 2.28575
0.892703 2.0655
1.08576 2.22776
2.39691 2.21889
1.12831 2.47525
0.961816 1.69946
2.28722 -1.96388
1.17161 -2.32743
0.702376 0.0133898
0.974485 0.346919
1.50731 1.81127
1.01669 1.63071
1.12521 0.357909
0.662384 0.0673264
1.03261 0.732628
0.837845 0.980653
2.13296 0.971609
0.636614 -1.17781
1.15402 -1.0872
1.17487 1.65872
0.698136 2.36513
0.977838 2.16728
1.33667 -0.850543
46.4957 2.32744
0.862118 2.34253
0.936323 -1.14492
1.0551 -1.8472
24.6163 2.34604
0.74596 2.43071
4.37806 -0.595628
1.00188 0.449185
1.36343 1.97003
1.96646 -0.0273768
0.799682 -0.0443936
1.18951 0.132395
1.38144 1.5128
0.642711 -0.0304953
1.34659 1.68715
0.708853 -0.219125
1.5952 -0.909747
0.828992 1.07685
0.972654 -1.37329
1.32474 0.209738
0.637079 0.606564
1.52516 1.64266
2.21067 0.0141054
0.448176 -0.990446
0.896386 -0.0383863
2.46113 1.25704
1.18051 1.72075
2.02387 -0.985409
3.036 -0.619432
1.01914 0.358277
5.13326 -1.30855
1.10919 0.0770869
1.46927 0.499942
0.988457 -0.660481
1.03677 -0.874393
0.740862 -0.461122
0.698728 0.182334
0.635525 -0.0893842
1.49762 1.18146
0.953349 -0.613805
0.579771 -0.00295167
1.45735 1.00266
1.08812 1.16587
1.58667 1.49713
1.08478 2.03286
1.16754 1.53091
1.18384 -0.246178
4.31956 0.372337
1.83876 -0.219538
0.896183 -1.0841
0.872537 -2.26277
0.870153 -2.15534
0.815938 -1.91225
4.34108 2.0316
1.5077 -2.27935
2.77038 -2.13301
1.19678 2.42783
0.44025 -2.35309
0.455898 -2.20698
1.27162 -0.0910613
0.985169 -1.28629
1.00435 -1.48933
1.93431 -0.928363
1.55816 1.03496
0.440691 -0.947474
0.933562 0.451262
2.20331 0.98183
0.825766 -1.46731
1.23914 -2.53098
0.944933 1.9975
0.752702 -1.3424
4.32854 -1.18308
0.854652 -0.322019
0.858816 -0.91082
1.11924 -1.2508
0.834677 -1.13824
1.17374 -1.37047
0.836428 1.46685
1.9321 0.176171
1.30495 0.472875
1.75964 1.31354
2.0349 -1.62313
11.2229 -1.1158
5.07088 -1.3376
1.45605 -2.47719
1.16358 1.94656
0.955606 1.95644
1.18378 1.99356
1.02436 2.00798
1.07479 2.02364
17.5412 1.91291
5.56032 2.00701
3.42869 2.22898
1.7475 2.09168
6.1266 1.98797
1.07513 0.719833
3.36359 1.13861
0.626 0.119715
0.550294 2.07128
1.47247 -1.74557
0.813045 0.562703
0.979279 -1.62562
1.70718 1.02872
0.662681 1.55278
1.0528 0.159903
0.630771 1.98541
0.761035 2.29561
0.978901 1.90488
4.2896 1.61066
1.2185 -1.45965
1.38058 -0.837231
393.97 -0.785401
0.566365 -0.72571
2.27462 -1.20662
1.44301 -0.425752
0.830128 -0.528381
1.26603 0.614255
1.11855 0.549328
1.55146 1.64241
1.16055 2.40959
0.962492 1.96694
1.23428 -0.490851
0.863239 -0.387031
1.36474 1.41369
2.18228 1.65428
2.46698 2.16412
1.24791 -1.23447
0.596685 -0.677652
1.00892 2.15178
1.37039 -0.426752
1.44019 -0.465068
0.896272 -0.32448
1.54776 -0.209261
0.746183 0.207132
1.66133 -1.50742
0.754712 1.40278
0.637081 1.93479
1.40731 2.05297
0.682506 1.4269
1.84562 1.5649
1.44305 -0.555421
1.07643 -0.792064
1.78121 2.11604
1.34137 -1.11516
2.95622 1.51912
3.5319 -1.11638
2.85667 1.55622
1.44567 -1.25153
1.12531 0.630447
1.27629 1.7024
0.67515 -0.507846
1.61186 1.60402
1.02621 -1.39128
3.39404 2.06498
0.672238 -0.913622
1.22007 1.57394
1.36642 1.53518
1.18726 -0.977017
247.885 -0.544851
1.21193 1.78214
1.39354 -1.1811
5.6247 -1.14838
2.38389 -2.22635
1.67544 -1.92883
12.2913 -1.18561
1.61672 -1.87095
0.67285 -2.07632
0.820969 -2.0279
0.446891 -2.19452
0.492126 -2.04656
1.05146 -1.93967
1.5533 -2.16302
0.890839 -1.93627
2.08506 -1.75588
0.441078 -2.02667
0.422685 2.47337
0.733323 2.47575
0.492908 -1.8443
1.06474 -1.88318
1.59799 -2.32212
1.66389 -2.0239
142.951 1.38072
1.76681 1.34493
1.34098 1.71057
1.23892 2.07429
1.04514 -1.73372
1.08523 -0.558048
5.11337 -0.417805
0.89734 -0.511492
1.22023 -0.529291
0.839333 -0.418294
1.18763 -0.59313
0.754098 -0.108116
2.0145 0.00568186
1.46763 -0.925267
0.961038 -0.440856
1.30445 -1.40856
0.837673 -0.214349
1.33525 -0.363813
0.712675 0.105602
1.99319 1.10462
1.67237 1.53943
0.767608 2.06683
1.12138 0.551042
1.28721 0.456859
2.05839 -0.673034
1.73375 0.205972
0.921 0.226182
0.86011 -1.0374
0.90036 -0.718248
1.43856 1.48287
0.95463 -0.33601
1.13569 -1.82607
0.767732 0.189728
2.21335 1.1707
0.48595 1.52837
1.0388 -1.72831
1.55277 0.54889
1.32813 1.84644
51.203 -1.38249
2.64465 0.786676
1.77661 1.5644
5.4224 -0.329628
0.200986 -2.12295
4.20092 -2.00556
1.82758 -2.09655
1.29157 -1.95094
1.34333 -1.85052
1.84692 -2.19699
0.864665 -2.08789
0.691874 -2.22358
1.22434 2.19096
0.980409 2.31455
0.95399 2.41386
1.44294 -0.566396
0.781009 -0.770182
0.805911 -0.578427
0.894563 -0.715082
0.732729 -0.477387
1.06037 1.47996
1.46321 -0.131548
1.27574 -0.652408
2.24133 -0.674959
1.21825 -0.660997
1.63961 -0.889793
1.19354 -0.717831
1.48435 0.444931
1.2731 1.70695
0.88564 0.135996
0.920491 -0.238401
5.49203 -0.558325
0.707028 -1.6029
1.90118 1.43915
1.07375 1.37734
2.4289 1.1363
2.05868 1.45943
0.809913 1.00297
1.13978 1.32607
508.136 -1.69144
1.90883 1.17267
0.893535 1.36006
0.872737 1.48982
0.896487 1.93912
0.969019 -0.894723
0.84759 1.67423
1.13265 -0.88084
1.52593 1.15984
1.67463 -0.507521
1.38421 -0.491273
10.0991 1.13893
1.40235 -0.658425
2.81215 -1.80566
0.883483 -2.01059
1.24013 -1.89373
0.934225 -1.83868
0.884645 -2.03995
0.722627 -2.22281
0.869476 -2.09109
0.908424 -2.10643
0.806917 -2.16661
0.838776 -1.88312
2.20055 2.46177
0.6852 0.796907
2.07682 0.952175
1.66535 0.869004
1.09408 -0.426444
0.336695 -1.72796
3.2913 -1.72063
1.58619 -1.78158
0.77393 -1.57327
1.14567 -1.37825
0.943452 -1.37742
1.29212 0.59349
2.92408 1.42542
1.3873 -0.298096
0.75158 -1.99974
1.40243 -1.99432
0.807997 -2.09699
0.957746 -1.87969
1.78236 2.46647
0.776131 2.37408
1.14281 -2.30393
2.96132 1.75113
0.68071 1.64815
1.10559 0.54005
1.4595 1.28574
1.27116 -2.4176
1.05534 -1.71992
0.485177 -1.37794
13.8951 -1.36911
1.36267 -1.37482
1.07971 -1.41416
1.30882 -1.39042
1.41185 -1.4713
1.59728 1.59404
1.20071 1.35878
1.4007 1.54181
1.14853 1.66402
1.09628 -1.27633
1.00195 0.219267
0.74573 -0.0443409
0.928403 -0.763861
0.747074 -0.947668
1.38689 -1.71433
0.286569 -0.0749095
0.18394 -1.56467
1.30234 -1.36221
0.334978 0.917002
117.108 -0.954096
1.51153 -0.75255
0.762812 0.179006
1.47247 1.48552
1.27759 -1.63812
1.12735 -1.6332
0.87832 -1.61369
1.35628 -1.84032
0.377791 2.11125
1.61244 -1.71918
0.811622 1.98613
1.04025 -0.758355
1.1669 -1.81278
0.880988 1.56425
1.15767 1.87534
0.921054 1.81961
1.25107 0.0820582
1.38181 1.68168
0.745135 -0.106129
0.613278 1.77115
0.862803 1.29151
3.7709 -1.30326
9.27022 -1.30051
172.34 -1.23473
22.5252 -1.33359
1.30888 -0.000368996
1.02947 -1.9207
1.59249 -2.03491
0.935285 -2.33013
1.11615 -2.2458
1.07163 -2.25742
1.87967 -2.26372
1.00438 -2.2182
0.519784 -2.06769
198.023 -1.59505
4.24151 -2.30516
7.40358 -1.65175
276.018 -1.54958
7.7012 -2.39949
4.15616 -1.81829
1.34779 -1.76613
1.79952 -1.69535
1.10527 -1.67805
0.649294 -2.30451
11.7353 -2.28253
19.0359 -2.28
1.34202 -2.31452
1.09054 -2.45445
7.00977 -2.15522
4.33411 -2.3861
0.790152 -0.859011
0.72405 -0.302693
0.993293 0.316877
1.36541 2.04336
0.821775 -0.375452
1.12454 -0.322382
2.05173 -1.71128
1.02898 -1.97619
0.989477 1.93218
0.992264 1.59157
1.05707 -0.307983
3.17526 1.69995
2.00347 1.83614
1.09806 -1.78646
1.49764 -1.61581
1.04962 -1.52995
1.11607 -0.793394
0.797618 -2.24554
1.67553 -2.05238
0.984798 -2.1215
0.984035 -2.14646
1.2047 -2.37569
1.94602 -2.20565
1.066 -2.11607
0.540936 -1.98919
1.79909 -2.2531
1.94194 0.906967
0.712681 1.85456
1.09384 0.430632
1.28431 -1.88166
0.932423 -0.198839
1.09506 -1.03613
1.29575 -0.388119
0.779386 -0.08495
1.10133 0.961996
1.39032 0.888678
1.61457 0.865504
1.1485 1.07916
1.34095 -1.59924
0.831787 -1.76894
0.171632 -1.32892
1.70718 0.918191
2.63357 1.12313
1.38672 -2.00885
1.09075 0.790554
1.43328 0.852863
1.19012 -2.17862
1.36027 -2.40587
0.783112 2.11283
0.299761 -2.00715
5.45831 -1.95541
1.46954 -2.14059
1.02928 -0.703538
1.04312 -0.719386
1.02871 0.681927
1.51024 1.75346
2.40247 -1.36818
1.5035 -0.861791
1.22607 -1.27931
0.801267 0.994342
1.21348 -1.36565
1.40033 -1.28181
0.742352 -0.880965
0.682182 0.988104
1.27357 -0.548194
0.662006 0.624482
1.38601 1.12966
1.48615 1.33719
1.46819 -0.957667
0.475558 -1.23057
0.848523 1.16209
1.65649 0.151843
0.874019 -1.81448
1.73445 -1.39953
1.30219 0.144188
1.93726 0.404772
1.53564 1.27696
1.73473 1.29647
1.0487 -1.26556
1.04986 -1.24837
168.012 -1.75495
0.67667 -1.10637
1.39176 1.28575
1.41438 -0.951725
1.09215 -2.14536
0.585407 -0.862503
1.01424 0.783556
1.58388 1.48758
0.695481 -2.39048
0.791221 -2.2264
1.06297 2.02684
1.33062 2.03858
1.03872 2.03149
2.06944 1.92349
14.0995 1.71034
0.907094 -1.96933
0.760661 -2.20413
1.10481 1.99382
1.29774 -0.896767
0.946817 -1.75153
1.55443 2.01907
2.73156 -1.33438
1.3732 -1.34173
1.14458 -0.282553
0.809381 -0.264713
1.03948 -0.826522
1.37055 -1.13612
1.11473 -1.70578
0.766979 0.124908
1.61635 1.43996
0.915802 0.169937
1.02415 0.446665
0.907324 -0.477663
1.02248 1.98527
1.14269 -0.597225
1.21248 0.490594
1.46604 1.67281
1.58052 -1.51503
0.874003 -1.79902
2.07017 -1.6817
0.682815 -2.30879
1.49774 2.37003
0.828913 2.3489
1.07241 2.33584
6.56622 2.39646
1.53345 -2.25519
0.989558 -0.454068
0.785613 -0.318328
1.03823 -0.414376
0.774457 -0.521112
0.852705 -0.292486
0.910806 -0.252521
0.78835 0.738335
0.806122 -0.205727
0.816164 -1.25417
0.859831 -2.35501
1.43906 -1.98587
1.67526 -2.16752
1.17091 -1.24981
0.996156 -1.78708
1.10376 -1.70796
1.96735 -0.181436
1.47883 -0.433376
3.24468 -1.39798
1.05155 -1.39801
1.37263 1.30708
1.38017 1.23361
2.63808 1.02038
2.38582 -0.997
1.05138 -0.751711
0.977379 -1.0659
1.38598 0.697631
3.79264 0.314602
2.20782 1.30602
0.764268 -0.603943
1.13351 -0.208537
0.86411 -0.0935634
0.918732 -0.3815
0.922568 -0.561444
0.889585 -0.438279
2.08746 -1.11504
0.886178 -0.551613
1.1357 0.0673654
0.742878 0.89371
3.2328 0.854628
3.53209 0.881867
0.935938 0.914801
3.9948 -0.349358
2.21492 -0.23663
0.445627 2.29777
1.05635 2.28158
0.859416 2.36828
1.11886 2.3008
1.00074 -1.9813
1.40988 -1.79207
1.86182 -1.42274
1.18983 -1.51895
0.403367 -2.06944
0.856168 -1.18637
1.16205 1.4335
1.142 1.53006
0.861643 -2.26631
1.11534 2.32363
1.65239 2.24696
0.655056 -0.0813249
1.91409 1.07686
1.14281 0.524726
3.05422 0.87168
0.227043 -1.82424
1.05212 -1.71025
5.42952 0.174259
1.28289 1.02122
0.644692 2.0527
337.267 2.29026
0.873996 2.1271
1.30385 0.995494
1.67267 -0.6045
1.55091 1.34955
1.06719 -0.838406
1.12392 -0.212447
0.822716 1.07064
1.73071 -1.16691
1.35502 -0.66693
1.59464 -0.636341
0.833295 0.290851
0.443617 0.998316
0.76461 0.20774
0.7299 0.585188
1.72597 -1.28308
0.835292 -2.0382
0.83695 -1.81152
0.776282 -2.0087
5.99213 -2.1268
1.32548 2.09145
1.58172 0.890908
1.1083 -1.28939
2.08872 -1.11552
4.6495 -1.19291
1.48024 -1.12727
2.69979 -1.15238
1.64283 -1.19398
1.67428 -0.846405
2.73101 -0.236174
0.933347 0.999227
0.884819 0.845786
1.71053 0.919219
1.56876 0.586998
1.92564 0.712805
1.40837 0.92434
3.39705 0.64244
1.61568 0.0420741
0.920651 -1.87773
7.26575 -1.32934
1.2902 -1.698
0.724218 -1.82433
1.63373 0.977052
29.2328 0.856064
1.31202 -0.902028
0.236428 1.17281
1.49008 -2.30739
1.10524 -2.16936
1.32985 -2.02586
7.25531 -2.00439
0.803465 -2.36005
0.541653 -2.42312
0.871739 -1.83221
1.28703 1.66511
0.534964 -1.63803
0.948747 0.995951
2.87721 -1.23194
1.71467 1.48428
1.50277 1.32162
0.864585 1.73556
0.745524 -0.465927
3.34526 1.80565
1.73903 1.67732
0.871821 0.721077
1.43531 0.00422844
1.11031 -1.86479
0.657314 -0.387564
1.28443 0.0861612
1.51596 0.838715
2.62208 1.42336
0.670534 1.16219
1.28074 1.41779
2.30343 -1.00634
0.534214 -0.521394
0.146284 -2.24113
0.668399 -2.35902
1.37668 -2.03109
2.29781 2.18245
1.49872 -1.66398
1.23283 1.89307
1.74931 -2.41509
0.834783 -2.25713
3.58726 2.11894
1.50317 1.61921
0.761727 -0.275378
0.885913 0.627691
1.31303 -0.399894
0.457155 -0.072975
4.65857 0.710945
1.05319 0.700373
1.15264 0.772285
1.16919 2.0666
1.60717 0.589771
1.20868 0.787577
4.00213 0.886498
0.925097 -0.763363
5.70355 1.66909
0.639396 1.06298
1.87256 0.81939
1.29957 0.411726
0.702858 0.56295
3.52655 2.04505
0.831469 1.98577
1.67538 1.33717
2.33611 1.16239
0.848634 1.05253
2.90518 1.10217
0.676628 1.09452
0.79136 -1.23683
14.2103 1.17763
0.409464 -0.784882
0.809386 -0.192869
1.04955 0.495001
0.905101 -0.481908
5.38723 0.845705
0.699265 1.48315
0.757965 -2.01142
0.878212 -2.07774
0.908555 -2.07026
2.52712 2.05257
0.899971 2.51669
1.00336 2.36577
1.80567 2.07761
1.04394 0.511176
0.715906 -1.62156
1.92945 0.488708
1.37503 0.11836
1.26978 0.0219135
1.25221 0.716552
1.28031 -1.7269
1.24943 -1.65956
1.46967 1.1806
1.77008 0.910683
1.729 0.826872
0.884319 0.703794
1.02608 0.741348
1.52635 1.35302
0.763695 -0.0758001
0.752087 0.423925
1.52113 0.724243
1.3494 1.90206
0.888696 0.179542
3.20623 -1.73729
0.969728 0.762305
0.925327 -0.683153
1.00678 0.342565
1.31803 0.0526891
0.91999 0.150994
1.3729 0.664645
1.65531 1.39
2.15051 1.91274
1.75452 1.55948
1.37254 1.10326
1.10222 -1.70359
1.72675 -1.4982
1.2314 -1.62253
0.36567 -0.118445
0.605827 -0.0629314
1.00491 0.392472
1.01463 0.00350233
0.840229 0.188428
1.58981 0.205516
47.005 0.632656
0.801247 1.03148
6.98385 1.5723
1.12248 0.940951
0.807242 -2.50655
0.904328 2.20463
1.13531 2.36698
696.18 2.11159
1.27356 2.02084
3.55656 -1.4358
0.223071 -0.0479475
1.20275 0.272162
0.943167 -0.948931
2.34382 -0.304241
0.863814 0.529583
0.620736 -2.01742
1.83647 1.46847
0.920145 -0.937475
1.73865 -1.65194
1.49779 0.379488
1.20335 -0.237381
1.35974 1.79068
1.3054 -0.709588
0.785321 -2.27894
1.01845 -2.00711
1.21062 -1.99825
1.19285 -2.36159
0.808414 -2.13849
0.594845 -2.15253
1.00976 -2.17106
0.943641 2.32651
0.836683 2.24722
0.913204 1.82706
0.867522 1.9274
0.999272 1.76308
1.28524 -0.48489
0.887646 -1.03912
0.936882 2.18355
1.11422 2.18704
3.33212 2.27554
1.68272 2.26886
1.21586 1.67581
1.73053 0.664982
13.518 1.88276
0.845631 -1.85896
0.735706 -1.98819
2.00001 0.925678
0.678872 1.12441
2.83639 1.60307
1.70285 1.45697
0.880862 1.08193
1.23531 1.9361
1.37131 -0.011279
0.570723 0.81673
0.642653 -1.91152
0.607927 -1.94187
1.155 -2.00553
0.963012 -1.69319
0.891898 -1.06632
0.764931 -1.13576
1.87551 -1.14344
0.649283 -0.753241
5.3389 1.69422
1.32395 1.2703
35.2759 -1.42738
1.29466 1.64582
0.83717 -0.967807
0.292796 -2.06888
2.1152 -2.14884
1.0479 -2.09218
0.875763 2.06313
0.620058 2.19424
1.71762 2.02496
1.14296 2.03493
0.963008 2.26603
0.457755 2.27516
86.8358 2.07986
2.89118 2.48959
2.71789 -2.5027
4.62353 2.35687
1.41832 -2.38114
0.150445 2.35567
1.49507 -1.70958
0.933006 -0.897363
0.743239 -1.03718
3.94077 0.357083
0.903863 0.467668
0.842466 -0.25767
0.485366 0.40456
0.931174 0.337716
1.16935 0.925104
2.28729 1.3155
1.783 -1.94157
2.18237 -1.88573
0.85169 1.18747
5.19233 0.320701
1.28102 0.907492
1.12387 -0.171303
0.728668 1.74948
1.25818 1.97966
0.850713 1.77082
0.739915 0.109261
0.352767 -0.48968
0.542514 -0.301397
1.06983 0.0715864
1.12223 0.69353
2.54404 -1.53051
1.22845 0.266574
0.958874 1.97142
0.961285 -0.220954
1.22243 1.11384
4.51331 -1.45248
0.868737 0.281432
2.27292 1.24641
0.691762 -2.11584
0.887983 -2.21836
0.725796 2.11998
0.844908 2.51208
0.251309 2.08016
1.76344 2.27623
0.509915 2.4982
1.03768 2.31938
0.644716 2.24842
0.815833 2.43434
0.747286 -2.4283
0.459158 1.80835
6.9123 -2.04372
5.02738 -2.20003
2.4703 -1.52284
1.03686 2.02128
1.35725 -0.249077
0.923798 2.06941
2.42219 1.63637
0.749736 0.871383
0.618163 -0.470967
0.875405 -0.300393
0.620207 -0.393705
0.442244 2.23428
1.52633 -0.451649
2.24235 -0.0988552
1.44265 1.27395
4.60691 1.15396
1.53258 -0.625253
0.653388 -0.0316222
0.915229 0.881841
0.649516 1.12086
0.932539 1.26835
1.12381 0.598209
0.952803 0.31285
1.31591 -0.35421
1.07204 1.99751
0.822036 -1.76644
0.961843 -1.91542
0.613119 -1.6434
1.99352 2.27645
0.891102 2.45774
0.635886 2.36431
1.68465 2.34292
0.545547 -2.13787
7.11918 2.24374
0.13696 -1.97648
0.945001 -1.79989
0.449089 -1.63049
2.04851 1.10181
1.54505 1.67407
1.46867 1.15553
1.19672 1.00166
0.619823 -1.04704
1.90979 0.718107
0.464515 1.07753
1.95129 1.30489
1.5296 -1.46473
1.08292 -0.843046
0.786288 -0.367194
1.83206 0.668335
0.435454 -0.746828
1.67681 1.05922
0.473689 0.477122
3.1889 1.54952
1.58275 1.01069
0.942944 2.05988
1.11163 0.289605
0.209766 -1.55773
1.01098 0.298034
1.62123 0.939355
3.45758 -1.79496
5.56813 0.321547
0.728613 0.326819
0.938201 1.1938
6.14262 -1.01179
0.814666 -0.732517
1.28116 1.37272
1.28341 0.422131
0.968348 0.271965
0.716489 -2.08142
1.46996 -2.28094
0.824818 -2.21813
0.55808 -2.45666
2.85996 2.14429
0.91782 2.20624
0.92495 2.19887
0.90157 -1.80366
0.735288 2.17861
1.19959 0.93702
3.11862 0.992287
1.11434 0.968829
1.29457 0.439827
1.52642 1.25247
1.56694 1.88239
0.78038 0.0468585
0.746629 1.02719
1.30659 -1.62465
1.12943 -0.131644
1.65077 1.01934
2.0887 1.27308
1.62199 1.29022
0.77395 1.89655
1.05646 1.71204
2.33002 0.474582
1.24448 0.740176
1.24553 -2.00398
0.64475 -0.423874
1.13665 0.789026
1.71997 0.150816
1.31095 0.350569
1.37561 -0.587942
1.24978 -1.91462
1.33879 -1.66486
3.02134 -1.4688
2.0526 0.457439
1.54919 0.0470517
0.751216 1.00974
0.652972 0.485399
1.42746 0.822015
0.985385 0.847613
1.21986 0.748939
1.07024 -2.50726
1.25805 -2.1592
0.833904 -2.37425
0.614819 -2.14909
0.498303 -2.20236
1.06062 -2.2755
1.92078 2.04622
1.51573 -2.26837
3.82791 -2.00485
1.41481 -2.02702
0.998021 -1.93272
2.00323 -1.80853
0.303428 -2.1196
1.31845 -1.48645
1.02753 1.69595
0.519828 -2.04912
2.17528 1.07062
1.12984 0.777801
1.12692 0.685301
1.17287 -2.0647
0.789209 -1.59555
1.08213 1.49126
1.16924 -1.04231
1.53582 -0.833356
4.06879 -1.26332
0.630938 -1.92522
1.15004 -0.529259
3.58054 -2.0875
1.40791 -2.09194
2.12306 -1.02754
1.53145 -1.71497
0.395083 -2.34229
1.06899 -2.2443
1.36949 -2.26791
0.85946 -2.22924
2.12044 -2.35301
1.0666 0.933914
1.16956 -1.1334
0.756269 -2.11367
1.44502 1.25527
246.231 1.27059
1.44013 -1.97858
1.28795 -0.599731
3.76699 0.85039
1.55723 -0.723539
3.27031 -0.446526
0.917622 0.768672
0.816587 -2.14003
1.17372 -0.128606
1.4142 1.68512
1.09219 -1.03075
0.720189 -0.743734
1.08294 -0.725987
1.93097 -0.679321
203.229 -1.36978
2.05621 -0.74285
1.34949 -2.09957
1.0027 -1.99128
0.753221 -0.616304
0.54239 -0.692446
1.76923 -1.98078
0.897228 -0.748742
1.16875 -0.277728
